<?xml version="1.0" encoding="UTF-8"?>
<level>
	<room backgroundId="00110" size="2" saveOnEntrance="0" playerPosX="768" playerPosY="0">
		<layer id="base">
			<data>17,17,17,17,17,17,17,17,17,17,17,18,15,0,0,0,0,0,0,0,0,0,0,0,0,0,13,16,17,17,17,17,
17,17,17,17,17,17,17,17,17,17,17,18,15,0,0,0,0,0,0,0,0,0,0,0,0,0,13,16,17,17,17,17,
17,17,17,17,17,17,17,17,17,17,17,18,15,0,0,0,0,0,0,34,0,0,0,0,0,0,13,16,17,17,17,17,
17,17,17,17,17,17,17,17,17,17,17,18,15,0,0,0,0,0,0,34,0,0,0,0,0,0,13,16,17,17,17,17,
17,17,17,17,17,17,17,17,17,17,17,18,15,0,0,0,0,0,0,34,0,0,0,0,0,0,13,16,17,17,17,17,
17,17,17,17,17,17,17,17,17,17,17,18,15,0,0,0,0,0,0,34,0,0,0,0,0,0,13,16,17,17,17,17,
17,17,17,17,17,17,17,17,17,17,17,18,15,0,0,0,0,0,0,34,0,0,0,0,0,0,13,16,17,17,17,17,
17,17,17,17,17,17,17,17,17,17,17,18,15,0,0,0,0,0,0,34,0,0,0,0,0,1,4,17,17,17,17,17,
17,17,17,17,17,17,17,17,17,17,17,18,15,0,0,0,0,0,0,0,0,0,0,0,0,13,16,17,17,17,17,17,
17,17,17,17,17,17,17,17,17,17,17,18,15,0,0,0,0,0,0,0,0,0,0,0,0,13,16,17,17,17,17,17,
17,17,17,17,17,17,17,17,17,17,17,18,15,0,0,0,0,0,0,0,0,0,0,0,0,13,16,17,17,17,17,17,
17,17,17,17,17,17,17,17,17,17,17,18,15,0,0,0,0,0,0,0,0,0,0,0,0,13,16,17,17,17,17,17,
17,17,17,17,17,17,17,17,17,17,17,18,15,0,0,0,0,0,0,0,0,0,0,0,0,13,16,17,17,17,17,17,
17,17,17,17,17,17,17,17,17,17,17,18,15,0,0,0,0,0,0,0,0,0,0,0,0,13,16,17,17,17,17,17,
17,17,17,17,17,17,17,17,17,17,17,18,15,0,0,0,0,0,0,0,0,0,0,0,0,13,16,17,17,17,17,17,
17,17,17,17,17,17,17,17,17,17,17,18,15,0,0,0,0,0,0,0,0,0,0,0,0,13,16,17,17,17,17,17,
17,17,17,17,17,17,17,17,17,17,17,18,15,0,0,0,0,34,0,0,0,0,0,0,0,13,16,17,17,17,17,17,
17,17,17,17,17,17,17,17,17,17,17,18,15,0,0,0,0,34,0,0,0,0,0,0,0,13,16,17,17,17,17,17,
17,17,17,17,17,17,17,17,17,17,17,18,15,0,0,0,0,34,0,0,0,0,0,0,0,13,16,17,17,17,17,17,
17,17,17,17,17,17,17,17,17,17,17,18,15,0,0,0,0,34,0,0,0,0,0,0,0,13,16,17,17,17,17,17,
17,17,17,17,17,17,17,17,17,17,17,18,15,0,0,0,0,34,0,0,0,0,0,0,0,13,16,17,17,17,17,17,
17,17,17,17,17,17,17,17,17,17,17,18,15,0,0,0,0,34,0,0,0,0,0,0,0,13,16,17,17,17,17,17,
17,17,17,17,17,17,17,17,17,17,17,18,15,0,0,0,0,0,0,0,0,0,0,0,0,13,16,17,17,17,17,17,
17,17,17,17,17,17,17,17,17,17,17,18,27,0,0,0,0,0,0,0,0,0,0,0,0,13,16,17,17,17,17,17,
17,17,17,17,17,17,17,17,17,17,17,30,0,0,0,0,0,0,0,0,0,0,0,0,0,13,16,17,17,17,17,17,
17,17,17,17,29,29,17,17,17,17,18,15,0,0,0,0,0,0,0,0,0,0,0,0,0,13,16,17,17,17,17,17,
17,17,17,30,26,26,28,17,17,17,30,27,0,0,0,0,0,0,0,0,0,0,0,0,0,13,16,17,17,17,17,17,
17,17,30,27,0,0,13,17,17,18,15,0,0,0,0,0,0,0,0,0,0,0,0,0,0,13,16,17,17,17,17,17,
17,17,15,116,102,103,13,17,17,18,15,0,0,0,0,0,0,0,0,0,0,0,0,0,0,13,16,17,17,17,17,17,
17,17,6,2,2,2,4,17,17,18,15,0,0,0,0,0,34,0,0,0,0,0,0,0,0,13,16,17,17,17,17,17,
17,17,17,5,5,5,17,17,17,18,15,0,0,0,0,0,34,0,0,0,0,0,0,0,1,4,17,17,17,17,17,17,
17,17,17,17,17,17,17,17,17,30,27,0,0,0,0,0,34,0,0,0,0,0,0,0,13,16,17,17,17,17,17,17,
17,17,17,17,17,17,17,17,18,15,0,0,0,0,0,0,34,0,0,0,0,0,0,0,13,16,17,17,17,17,17,17,
17,17,17,17,17,17,17,17,18,15,0,0,0,0,0,0,34,0,0,0,0,0,0,0,13,16,17,17,17,17,17,17,
17,17,17,17,17,17,17,17,18,15,0,0,0,0,0,0,34,0,0,0,0,0,0,0,13,16,17,17,17,17,17,17,
17,17,17,17,17,17,17,17,30,27,0,0,0,0,0,0,34,0,0,0,0,0,0,0,13,16,17,17,17,17,17,17,
17,17,17,17,17,17,17,18,15,0,0,0,0,0,0,0,0,0,0,0,0,0,0,0,13,16,17,17,17,17,17,17,
17,17,17,17,17,17,17,18,15,0,0,0,0,0,0,0,0,0,0,0,0,0,0,0,13,16,17,17,17,17,17,17,
17,17,17,17,17,17,17,18,15,0,0,0,0,0,0,0,0,0,0,0,0,0,0,0,13,16,17,17,17,17,17,17,
17,17,17,17,17,17,17,18,15,0,0,0,0,0,0,0,0,0,0,0,0,0,0,0,13,16,17,17,17,17,17,17,
17,17,17,17,17,17,17,18,15,0,0,0,0,0,0,0,0,0,0,0,0,0,0,0,13,16,17,17,17,17,17,17,
17,17,17,17,17,17,17,18,15,0,0,0,0,0,0,0,0,0,0,0,0,0,0,0,13,16,17,17,17,17,17,17,
17,17,17,17,17,17,17,18,15,0,0,0,0,0,0,0,0,0,0,0,0,0,0,0,13,16,17,17,17,17,17,17,
17,17,17,17,17,17,17,18,15,0,0,0,0,0,0,0,0,0,0,0,0,0,0,0,13,16,17,17,17,17,17,17,
17,17,17,17,17,17,17,18,15,0,0,0,0,0,0,0,0,0,0,0,0,0,0,0,13,16,17,17,17,17,17,17,
17,17,17,17,17,17,17,18,15,0,0,0,0,0,34,0,0,0,0,0,0,0,0,0,13,16,17,17,17,17,17,17,
17,17,17,17,17,17,17,18,15,0,0,0,0,0,34,0,0,0,0,0,0,0,0,1,4,17,17,17,17,17,17,17,
17,17,17,17,17,17,17,18,15,0,0,0,0,0,34,0,0,0,0,0,0,0,0,13,16,17,17,17,29,17,17,17,
17,17,17,17,17,17,17,18,15,0,0,0,0,0,34,0,0,0,0,0,0,0,0,13,16,17,17,30,26,28,17,17,
17,17,17,17,17,17,17,18,15,0,0,0,0,0,34,0,0,0,0,0,0,0,0,13,16,17,30,27,0,13,16,17,
17,17,17,17,17,17,17,18,15,0,0,0,0,0,34,0,0,0,0,0,0,0,0,13,28,30,27,0,0,13,16,17,
17,17,17,17,17,17,17,18,15,0,0,0,0,0,34,0,0,0,0,0,0,0,0,13,14,15,116,117,22,13,16,17,
17,17,17,17,17,17,17,18,15,0,0,0,0,0,0,0,0,0,0,0,0,0,0,13,4,6,2,2,2,4,17,17,
17,17,17,17,17,17,17,18,15,0,0,0,0,0,0,0,0,0,0,0,0,0,0,13,16,17,5,5,5,17,17,17,
17,17,17,17,17,17,17,18,15,0,0,0,0,0,0,0,0,0,0,0,0,0,0,13,16,17,17,17,17,17,17,17,
17,17,17,17,17,17,17,18,15,0,0,0,0,0,0,0,0,0,0,0,0,0,0,13,16,17,17,17,17,17,17,17,
17,17,17,17,17,17,17,18,15,0,0,0,0,0,0,0,0,0,0,0,0,0,0,13,16,17,17,17,17,17,17,17,
17,17,17,17,17,17,17,18,15,0,0,0,0,0,0,0,0,0,0,0,0,0,0,13,16,17,17,17,17,17,17,17,
17,17,17,17,17,17,17,18,15,0,0,0,0,0,0,0,0,0,0,0,0,0,0,13,16,17,17,17,17,17,17,17,
17,17,17,17,17,17,17,18,15,0,0,0,0,0,0,0,0,0,0,0,0,0,0,13,16,17,17,17,17,17,17,17,
17,17,17,17,17,17,17,30,27,0,0,0,0,0,0,0,0,0,0,0,0,0,0,13,16,17,17,17,17,17,17,17,
17,17,17,17,17,17,18,15,0,0,0,0,0,0,0,0,0,0,0,0,0,0,0,13,16,17,17,17,17,17,17,17,
17,17,17,17,17,17,18,15,0,0,0,0,0,0,0,0,0,0,0,0,0,0,0,13,16,17,17,17,17,17,17,17,
17,17,17,17,17,17,18,15,0,0,0,0,0,0,0,0,0,0,0,0,0,0,0,13,16,17,17,17,17,17,17,17,
17,17,17,17,17,17,18,15,0,0,0,0,0,0,0,0,0,0,0,0,0,0,0,13,16,17,17,17,17,17,17,17,
17,17,17,17,17,17,18,15,0,0,0,0,0,0,0,0,0,0,0,0,0,0,0,25,28,17,17,17,17,17,17,17,
17,17,17,17,17,17,18,15,0,0,0,0,0,0,0,0,0,34,0,0,0,0,0,0,13,16,17,17,17,17,17,17,
17,17,17,17,17,17,18,15,0,0,0,0,0,0,0,0,0,34,0,0,0,0,0,0,13,16,17,17,17,17,17,17,
17,17,17,17,17,17,18,15,0,0,0,0,0,0,0,0,0,34,0,0,0,0,0,0,13,16,17,17,17,17,17,17,
17,17,17,17,17,17,18,15,0,0,0,0,0,0,0,0,0,34,0,0,0,0,0,0,13,16,17,17,17,17,17,17,
17,17,17,17,17,17,18,15,0,0,0,0,0,0,0,0,0,34,0,0,0,0,0,0,13,16,17,17,17,17,17,17,
17,17,17,17,17,17,18,15,0,0,0,0,0,0,0,0,0,34,0,0,0,0,0,0,13,16,17,17,17,17,17,17,
17,17,17,17,17,17,30,27,0,0,0,0,0,0,0,0,0,34,0,0,0,0,0,0,13,16,17,17,17,17,17,17,
17,17,17,17,17,18,15,0,0,0,0,0,0,0,0,0,0,0,0,0,0,0,0,0,13,16,17,17,17,17,17,17,
17,17,17,17,17,18,15,0,0,0,0,0,0,0,0,0,0,0,0,0,0,0,0,0,13,16,17,17,29,29,29,17,
17,17,17,17,17,18,15,0,0,0,0,0,0,0,0,0,0,0,0,0,0,0,0,0,25,28,29,30,26,26,26,28,
17,17,17,17,17,18,15,0,0,0,0,0,0,0,0,0,0,0,0,0,0,0,0,0,0,13,14,15,0,0,0,13,
17,17,17,17,17,18,15,0,0,0,0,0,0,0,0,0,0,0,0,0,0,0,0,0,0,13,14,27,0,0,0,13,
17,17,17,17,17,18,15,0,0,0,0,0,0,0,0,0,0,0,0,0,0,0,0,0,0,13,15,0,0,0,73,13,
17,17,17,17,17,18,15,0,0,0,0,0,0,0,0,0,0,0,0,0,0,0,0,0,0,13,15,0,22,217,218,4,
17,17,17,17,17,18,15,0,0,0,0,0,0,0,0,0,0,0,0,0,0,0,0,0,0,13,15,0,217,4,5,17,
17,17,17,17,17,18,15,0,0,0,0,0,0,0,0,0,0,0,0,0,0,0,0,0,0,13,14,218,4,17,17,17,
17,17,17,17,17,18,15,0,0,0,0,0,0,0,0,0,0,0,0,0,0,0,0,0,0,13,4,5,17,17,17,17,
17,17,17,17,17,18,15,0,0,0,0,0,0,0,0,0,0,0,0,0,0,0,0,0,0,13,16,17,17,17,17,17,
17,17,17,17,17,18,15,0,0,0,0,0,0,0,0,0,0,0,0,0,0,0,0,0,0,13,16,17,17,17,17,17,
17,17,17,17,17,18,15,0,0,0,0,0,0,0,0,0,0,0,0,0,0,0,0,0,0,13,16,17,17,17,17,17,
17,17,17,17,17,30,27,0,0,0,0,0,0,0,0,0,0,0,0,0,0,0,0,0,0,13,16,17,17,17,17,17,
17,17,17,17,18,15,0,0,0,0,0,0,0,0,0,0,0,0,0,0,0,0,0,0,0,13,16,17,17,17,17,17,
17,17,17,17,18,15,0,0,0,0,0,0,0,0,0,0,0,0,0,0,0,0,0,0,0,13,16,17,17,17,17,17,
17,17,17,17,18,15,0,0,0,0,0,0,0,0,0,0,0,0,0,0,0,0,0,0,0,13,16,17,17,17,17,17,
17,17,17,17,18,15,0,0,0,0,0,0,0,0,0,0,0,0,0,0,0,0,0,0,0,13,16,17,17,17,17,17,
17,17,17,17,18,15,0,0,0,0,0,0,0,0,0,0,0,0,0,0,0,0,0,0,0,13,16,17,17,17,17,17,
17,17,17,17,18,15,0,0,0,0,0,0,0,0,0,0,0,0,0,0,0,0,0,0,0,13,16,17,17,17,17,17,
17,17,17,17,18,15,0,0,0,0,0,0,0,0,0,0,0,0,0,0,0,0,0,0,0,13,16,17,17,17,17,17,
17,17,17,17,18,15,0,0,0,0,0,0,0,0,0,0,0,0,0,0,0,0,0,0,0,13,16,17,17,17,17,17,
17,17,17,17,18,15,0,0,0,0,0,0,0,0,0,0,0,0,0,0,0,0,0,0,0,13,16,17,17,17,17,17</data>
		</layer>
		<layer id="back">
			<data>161,161,161,161,161,161,161,161,161,161,161,161,161,161,162,0,0,160,161,161,161,161,161,161,161,161,161,161,161,161,161,161,
161,161,161,161,161,161,161,161,161,161,161,161,161,161,162,0,0,172,153,161,161,161,161,161,161,161,161,161,161,161,161,161,
161,161,161,161,161,161,161,161,161,161,161,161,161,161,162,0,0,0,160,161,161,161,161,161,161,161,161,161,161,161,161,161,
161,161,161,161,161,161,161,161,161,161,161,161,161,161,162,0,0,0,160,161,151,161,161,161,161,161,161,161,161,161,161,161,
161,161,161,161,161,161,161,161,161,161,161,161,161,161,162,0,0,0,160,161,161,177,161,161,161,161,161,161,161,161,161,161,
161,161,161,161,161,161,161,161,161,161,161,161,161,161,162,0,0,0,172,153,161,161,161,161,161,161,161,161,161,161,161,161,
161,161,161,161,161,161,161,161,161,161,161,161,161,161,175,150,0,0,0,160,161,161,161,161,161,161,161,161,161,161,161,161,
161,161,161,161,161,161,161,161,161,161,161,161,161,161,161,162,0,0,0,160,161,161,161,161,161,161,161,161,161,161,161,161,
161,161,161,161,161,161,161,161,161,161,161,161,161,161,161,162,0,0,0,160,161,161,161,161,161,161,161,161,161,161,161,161,
161,161,161,161,161,161,161,161,161,161,161,161,161,161,161,175,150,0,0,172,153,161,161,161,161,161,161,161,161,161,161,161,
161,161,161,161,161,161,161,161,161,161,161,161,161,161,161,161,162,0,0,0,160,161,161,161,161,161,161,161,161,161,161,161,
161,161,161,161,161,161,161,161,161,161,161,161,161,161,161,161,162,0,0,0,160,161,161,161,161,161,161,161,161,161,161,161,
161,161,161,161,161,161,161,161,161,161,161,161,161,161,161,161,175,150,0,148,177,161,161,161,161,161,161,161,161,161,161,161,
161,161,161,161,161,161,161,161,161,161,161,161,161,161,161,161,161,175,149,177,161,161,161,161,161,161,161,161,161,161,161,161,
161,161,161,161,161,161,161,161,161,161,161,161,161,161,161,161,161,161,161,161,161,161,161,161,161,161,161,161,161,161,161,161,
161,161,161,161,161,161,161,161,161,161,161,161,161,161,161,161,161,161,161,161,161,151,161,161,161,161,161,161,161,161,161,161,
161,161,161,161,161,161,161,161,161,161,161,161,161,161,161,161,161,161,161,161,161,161,177,161,161,161,161,161,161,161,161,161,
161,161,161,161,161,161,161,161,161,161,161,161,161,161,161,161,161,161,161,161,161,161,161,161,161,161,161,161,161,161,161,161,
161,161,161,161,161,161,161,161,161,161,161,161,161,161,161,161,161,161,161,161,151,173,173,153,161,161,161,161,161,161,161,161,
161,161,161,161,161,161,161,161,161,161,161,161,161,161,161,161,161,161,161,161,162,0,0,172,153,161,161,161,161,161,161,161,
161,161,161,161,161,161,161,161,161,161,161,161,161,161,161,161,161,161,161,151,162,0,0,148,177,161,161,161,161,161,161,161,
161,161,161,161,161,161,161,161,161,161,161,161,161,161,161,161,161,161,151,174,0,0,0,160,161,161,161,161,161,161,161,161,
161,161,161,161,161,161,161,161,161,161,161,161,161,161,161,161,161,161,162,0,0,0,0,160,161,161,161,161,161,161,161,161,
161,161,161,161,161,161,161,161,161,161,161,161,161,161,161,161,161,161,162,0,0,0,148,177,161,161,161,161,161,161,161,161,
161,161,161,161,161,161,161,161,161,161,161,161,161,161,161,161,161,161,175,149,149,149,177,161,161,161,161,161,161,161,161,161,
161,161,161,161,161,161,161,161,161,161,161,161,161,161,177,161,161,161,161,161,161,161,161,161,161,161,161,161,161,161,161,161,
161,161,161,161,161,161,161,161,161,161,161,161,161,161,161,161,161,161,161,161,161,161,153,161,161,161,161,161,161,161,161,161,
161,161,161,161,174,0,161,161,161,161,161,161,161,161,161,161,161,161,161,161,161,151,177,161,161,161,161,161,161,161,161,161,
161,161,161,162,145,146,161,161,161,161,161,161,161,161,161,151,153,161,161,161,161,151,177,161,161,161,161,161,161,161,161,161,
161,161,161,161,161,161,161,161,161,161,161,161,161,161,161,162,172,153,161,161,161,151,153,161,161,161,161,161,161,161,161,161,
161,161,161,161,161,161,161,161,161,161,161,161,161,161,151,174,0,160,161,161,161,158,158,161,161,161,161,161,161,161,161,161,
161,161,161,161,161,161,161,161,161,161,161,161,161,151,174,0,0,160,161,161,161,175,177,161,161,161,161,161,161,161,161,161,
161,161,161,161,161,161,161,161,161,161,161,161,161,162,0,0,0,160,161,161,161,161,161,161,161,161,161,161,161,161,161,161,
161,161,161,161,161,161,161,161,161,161,161,161,151,174,0,0,145,177,161,161,151,173,173,153,161,161,161,161,161,161,161,161,
161,161,161,161,161,161,161,161,161,161,161,161,162,0,0,0,0,160,161,161,162,0,0,160,161,161,161,161,161,161,161,161,
161,161,161,161,161,161,161,161,161,161,161,151,174,0,0,0,0,160,161,161,162,0,0,160,161,161,161,161,161,161,161,161,
161,161,161,161,161,161,161,161,161,161,161,162,0,0,0,0,148,177,151,173,174,0,0,160,161,161,161,161,161,161,161,161,
161,161,161,161,161,161,161,161,161,161,161,162,0,0,0,0,160,161,174,0,0,0,148,177,161,161,161,161,161,161,161,161,
161,161,161,161,161,161,161,161,161,161,161,162,0,0,0,0,172,174,0,0,0,0,160,161,161,161,161,161,161,161,161,161,
161,161,161,161,161,161,161,161,161,161,161,162,0,0,0,0,0,0,0,0,0,148,177,161,161,161,161,161,161,161,161,161,
161,161,161,161,161,161,161,161,161,161,161,162,0,0,0,0,0,0,0,0,148,177,161,161,161,161,161,161,161,161,161,161,
161,161,161,161,161,161,161,161,161,161,161,175,150,0,0,0,0,0,0,0,160,161,161,161,161,161,161,161,161,161,161,161,
161,161,161,161,161,161,161,161,161,161,161,161,162,0,0,0,0,0,0,148,177,161,161,161,161,161,161,161,161,161,161,161,
161,161,161,161,161,161,161,161,161,161,161,161,162,0,0,0,0,0,0,160,161,161,161,161,161,161,161,161,161,161,161,161,
161,161,161,161,161,161,161,161,161,161,161,161,175,150,0,0,0,0,148,177,151,161,161,161,161,161,161,161,161,161,161,161,
161,161,161,161,161,161,161,161,161,161,161,161,161,162,0,0,0,0,160,161,161,177,161,161,161,161,161,161,161,161,161,161,
161,161,161,161,161,161,161,161,161,161,161,161,161,162,0,0,0,0,160,161,161,161,161,161,161,161,161,161,161,161,161,161,
161,161,161,161,161,161,161,161,161,161,151,177,161,175,150,0,0,0,160,161,161,161,161,161,161,161,161,161,161,161,161,161,
161,161,161,161,161,161,161,161,161,161,151,177,161,161,162,0,0,0,160,161,161,161,161,161,161,161,161,161,161,161,161,161,
161,161,161,161,161,161,161,161,161,161,151,153,161,161,162,0,0,0,160,161,161,161,161,161,161,161,161,161,161,161,161,161,
161,161,161,161,161,161,161,161,161,161,161,161,161,161,175,150,0,0,160,161,161,161,161,161,161,161,161,161,161,161,161,161,
161,161,161,161,161,161,161,161,161,161,161,161,161,161,161,162,0,0,160,161,161,161,161,161,161,161,161,161,161,161,161,161,
161,161,161,161,161,161,161,161,161,161,161,161,161,161,161,175,150,0,172,153,161,161,161,161,161,161,161,161,161,161,161,161,
161,161,161,161,161,161,161,161,161,161,161,161,161,161,161,161,162,0,0,160,161,161,161,161,161,161,161,161,161,161,161,161,
161,161,161,161,161,161,161,161,161,161,161,161,161,161,161,161,175,150,0,160,161,161,161,161,161,161,161,161,161,161,161,161,
161,161,161,161,161,161,161,161,161,161,161,161,161,161,161,161,161,175,149,177,161,161,161,161,161,161,161,161,161,161,161,161,
161,161,161,161,161,161,161,161,161,161,161,161,161,161,161,161,161,161,161,161,161,161,161,161,161,161,161,161,161,161,161,161,
161,161,161,161,161,161,161,161,161,161,161,161,161,161,161,161,161,161,161,161,151,177,161,161,161,161,161,161,161,161,161,161,
161,161,161,161,161,161,161,161,161,161,161,161,161,161,161,161,161,161,161,161,151,177,161,161,161,161,161,161,161,161,161,161,
161,161,161,161,161,161,161,161,161,161,161,161,161,161,161,161,161,161,161,161,151,153,161,161,161,161,161,161,161,161,161,161,
161,161,161,161,161,161,161,161,161,161,161,161,161,161,161,161,161,161,161,161,161,161,161,161,161,161,161,161,161,161,161,161,
161,161,161,161,161,161,161,161,161,161,161,161,161,161,161,161,161,161,161,161,161,161,161,161,161,161,161,161,161,161,161,161,
161,161,161,161,161,161,161,161,161,161,161,161,161,161,161,161,161,161,161,161,161,161,161,161,161,161,161,161,161,161,161,161,
161,161,161,161,161,161,161,161,161,161,161,161,161,161,161,161,161,161,161,161,161,161,161,161,161,161,161,161,161,161,161,161,
161,161,161,161,161,161,161,161,161,161,161,161,161,161,161,161,161,161,161,161,161,161,161,161,161,161,161,161,161,161,161,161,
161,161,161,161,161,161,161,161,161,161,161,151,161,161,161,161,161,161,161,161,161,161,161,161,161,161,161,161,161,161,161,161,
161,161,161,161,161,161,161,161,161,161,161,161,177,161,161,161,151,173,153,161,161,161,161,161,161,161,161,161,161,161,161,161,
161,161,161,161,161,161,161,161,161,161,161,161,161,161,161,151,174,0,172,153,161,161,161,161,161,161,161,161,161,161,161,161,
161,161,161,161,161,161,161,161,161,161,161,161,161,161,151,174,0,0,148,177,161,161,161,161,161,161,161,161,161,161,161,161,
161,161,161,161,161,161,161,161,161,161,161,161,161,161,162,0,0,148,177,161,161,161,161,161,161,161,161,161,161,161,161,161,
161,161,161,161,161,161,161,161,161,161,161,161,161,151,174,0,0,172,153,161,161,161,161,161,161,161,161,161,161,161,161,161,
161,161,161,161,161,161,161,161,161,161,161,161,161,162,0,0,0,0,160,161,161,161,161,161,161,161,161,161,161,161,161,161,
161,161,161,161,161,161,161,161,161,161,161,161,161,162,0,0,0,0,160,161,161,161,161,161,161,161,161,161,161,161,161,161,
161,161,161,161,161,161,161,161,161,161,161,161,161,162,0,0,0,0,160,161,161,161,161,161,161,161,161,161,161,161,161,161,
161,161,161,161,161,161,161,161,161,161,161,161,151,162,0,0,0,0,172,153,161,161,161,161,161,161,161,161,161,161,161,161,
161,161,161,161,161,161,161,161,161,161,161,161,162,0,0,0,0,0,0,160,161,161,161,161,161,161,161,161,161,161,161,161,
161,161,161,161,161,161,161,161,161,161,161,161,162,0,0,0,0,0,0,160,161,161,161,161,161,161,161,161,161,161,161,161,
161,161,161,161,161,161,161,161,161,161,161,161,162,0,0,0,0,0,0,172,153,161,151,161,161,161,161,161,151,173,153,161,
161,161,161,161,161,161,161,161,161,161,161,161,162,0,0,0,0,0,0,0,160,161,161,177,161,161,161,173,174,148,161,161,
161,161,161,161,161,161,161,161,161,161,161,161,162,0,0,0,0,0,0,0,160,161,161,161,161,161,161,150,148,161,161,161,
161,161,161,161,161,161,161,161,161,151,173,153,175,149,149,149,149,150,0,0,160,161,161,161,161,161,161,161,161,161,161,161,
161,161,161,161,161,161,161,161,161,162,0,172,153,161,161,161,161,175,150,0,172,153,161,161,161,161,161,161,161,161,161,161,
161,161,161,161,161,161,161,161,161,162,0,0,172,153,151,161,161,161,162,0,0,160,161,161,161,161,161,161,161,161,161,161,
161,161,161,161,161,161,161,161,161,175,150,0,0,160,151,177,161,161,162,0,0,160,161,161,161,161,161,161,161,161,161,161,
161,161,161,161,161,161,161,161,161,161,162,0,145,158,174,172,153,161,175,150,0,160,161,161,161,161,161,161,161,161,161,161,
161,161,161,161,161,161,161,161,161,161,175,150,169,171,0,0,160,161,161,175,149,177,161,161,161,161,161,161,161,161,161,161,
161,161,161,161,161,161,161,161,151,161,161,175,147,0,0,0,160,161,161,161,161,161,161,161,161,161,161,161,161,161,161,161,
161,161,161,161,161,161,161,161,161,177,161,161,162,0,0,0,160,161,161,161,161,161,161,161,161,161,161,161,161,161,161,161,
161,161,161,161,161,161,161,161,161,161,161,161,162,0,0,148,177,161,161,161,161,161,161,161,161,161,161,161,161,161,161,161,
161,161,161,161,161,161,161,161,161,161,161,161,162,0,0,160,161,161,161,161,161,161,161,161,161,161,161,161,161,161,161,161,
161,161,161,161,161,161,161,161,161,161,161,151,174,0,0,160,161,161,161,161,161,161,161,161,161,161,161,161,161,161,161,161,
161,161,161,161,161,161,161,161,161,161,161,162,0,0,0,160,161,161,161,161,161,161,161,161,161,161,161,161,161,161,161,161,
161,161,161,161,161,161,161,161,161,161,151,174,0,0,148,177,161,161,161,161,161,151,161,161,161,161,161,161,161,161,161,161,
161,161,161,161,161,161,161,161,161,161,162,0,0,148,161,161,161,161,161,161,161,161,177,161,161,161,161,161,161,161,161,161,
161,161,161,161,161,161,161,161,161,161,162,0,148,177,161,161,161,161,161,161,161,161,161,161,161,161,161,161,161,161,161,161,
161,161,161,161,161,161,161,161,161,161,175,149,177,161,161,161,161,161,161,161,161,161,161,161,161,161,161,161,161,161,161,161</data>
		</layer>
		<layer id="deco">
			<data>0,0,0,0,0,0,0,0,0,0,0,0,0,0,0,0,0,0,0,0,0,0,0,0,0,0,0,0,0,0,0,0,
0,0,0,0,0,0,0,0,0,0,0,0,0,0,0,0,0,0,0,0,0,0,0,0,0,0,0,0,0,0,0,0,
0,0,0,0,0,0,0,0,0,0,0,0,0,0,0,0,0,0,0,0,0,0,0,0,0,0,0,0,0,0,0,0,
0,0,0,0,0,0,0,0,0,0,0,0,0,0,0,0,0,0,0,0,0,0,0,0,0,0,0,0,0,0,0,0,
0,0,0,0,0,0,0,0,0,0,0,0,0,0,0,0,0,0,0,0,0,0,0,0,0,0,0,0,0,0,0,0,
0,0,0,0,0,0,0,0,0,0,0,0,0,0,0,0,0,0,0,0,0,0,0,0,0,0,0,0,0,0,0,0,
0,0,0,0,0,0,0,0,0,0,0,0,0,0,0,0,0,0,0,0,0,0,0,0,0,0,0,0,0,0,0,0,
0,0,0,0,0,0,0,0,0,0,0,0,0,0,0,0,0,0,0,0,0,0,0,0,0,0,0,0,0,0,0,0,
0,0,0,0,0,0,0,0,0,0,0,0,0,0,0,0,0,0,0,0,0,0,0,0,0,0,0,0,0,0,0,0,
0,0,0,0,0,0,0,0,0,0,0,0,0,0,0,0,0,0,0,0,0,0,0,0,0,0,0,0,0,0,0,0,
0,0,0,0,0,0,0,0,0,0,0,0,0,0,0,0,0,0,0,0,0,0,0,0,0,0,0,0,0,0,0,0,
0,0,0,0,0,0,0,0,0,0,0,0,0,0,0,0,0,0,0,0,0,0,0,0,0,0,0,0,0,0,0,0,
0,0,0,0,0,0,0,0,0,0,0,0,0,0,0,0,0,0,0,0,0,0,0,0,0,0,0,0,0,0,0,0,
0,0,0,0,0,0,0,0,0,0,0,0,0,0,0,0,0,0,0,0,0,0,0,0,0,0,0,0,0,0,0,0,
0,0,0,0,0,0,0,0,0,0,0,0,0,0,0,0,0,0,0,0,0,0,0,0,0,0,0,0,0,0,0,0,
0,0,0,0,0,0,0,0,0,0,0,0,0,0,0,0,0,0,0,0,0,0,0,0,0,0,0,0,0,0,0,0,
0,0,0,0,0,0,0,0,0,0,0,0,0,0,0,0,0,0,0,0,0,0,0,0,0,0,0,0,0,0,0,0,
0,0,0,0,0,0,0,0,0,0,0,0,0,0,0,0,0,0,0,0,0,0,0,0,0,0,0,0,0,0,0,0,
0,0,0,0,0,0,0,0,0,0,0,0,0,0,0,0,0,0,0,0,0,0,0,0,0,0,0,0,0,0,0,0,
0,0,0,0,0,0,0,0,0,0,0,0,0,0,0,0,0,0,0,0,0,0,0,0,0,0,0,0,0,0,0,0,
0,0,0,0,0,0,0,0,0,0,0,0,0,0,0,0,0,0,0,0,0,0,0,0,0,0,0,0,0,0,0,0,
0,0,0,0,0,0,0,0,0,0,0,0,0,0,0,0,0,0,0,0,0,0,0,0,0,0,0,0,0,0,0,0,
0,0,0,0,0,0,0,0,0,0,0,0,0,0,0,0,0,0,0,0,0,0,0,0,0,0,0,0,0,0,0,0,
0,0,0,0,0,0,0,0,0,0,0,0,0,0,0,0,0,0,0,0,0,0,0,0,0,0,0,0,0,0,0,0,
0,0,0,0,0,0,0,0,0,0,0,0,0,0,0,0,0,0,0,0,0,0,0,0,0,0,0,0,0,0,0,0,
0,0,0,0,0,0,0,0,0,0,0,0,0,0,0,0,0,0,0,0,0,0,0,0,0,0,0,0,0,0,0,0,
0,0,0,0,0,0,0,0,0,0,0,0,0,0,0,0,0,0,0,0,0,0,0,0,0,0,0,0,0,0,0,0,
0,0,0,0,0,0,0,0,0,0,0,0,0,0,0,0,0,0,0,0,0,0,0,0,0,0,0,0,0,0,0,0,
0,0,0,0,0,0,0,0,0,0,0,0,0,0,0,0,0,0,0,0,0,0,0,0,0,0,0,0,0,0,0,0,
0,0,0,0,0,0,0,0,0,0,0,0,0,0,0,0,0,0,0,0,0,0,0,0,0,0,0,0,0,0,0,0,
0,0,0,0,0,0,0,0,0,0,0,0,0,0,0,0,0,0,0,0,0,0,0,0,0,0,0,0,0,0,0,0,
0,0,0,0,0,0,0,0,0,0,0,0,0,0,0,0,0,0,0,0,0,0,0,0,0,0,0,0,0,0,0,0,
0,0,0,0,0,0,0,0,0,0,0,0,0,0,0,0,0,0,0,0,0,0,0,0,0,0,0,0,0,0,0,0,
0,0,0,0,0,0,0,0,0,0,0,0,0,0,0,0,0,0,0,0,0,0,0,0,0,0,0,0,0,0,0,0,
0,0,0,0,0,0,0,0,0,0,0,0,0,0,0,0,0,0,0,0,0,0,0,0,0,0,0,0,0,0,0,0,
0,0,0,0,0,0,0,0,0,0,0,0,0,0,0,0,0,0,0,0,0,0,0,0,0,0,0,0,0,0,0,0,
0,0,0,0,0,0,0,0,0,0,0,0,0,0,0,0,0,0,0,0,0,0,0,0,0,0,0,0,0,0,0,0,
0,0,0,0,0,0,0,0,0,0,0,0,0,0,0,0,0,0,0,0,0,0,0,0,0,0,0,0,0,0,0,0,
0,0,0,0,0,0,0,0,0,0,0,0,0,0,0,0,0,0,0,0,0,0,0,0,0,0,0,0,0,0,0,0,
0,0,0,0,0,0,0,0,0,0,0,0,0,0,0,0,0,0,0,0,0,0,0,0,0,0,0,0,0,0,0,0,
0,0,0,0,0,0,0,0,0,0,0,0,0,0,0,0,0,0,0,0,0,0,0,0,0,0,0,0,0,0,0,0,
0,0,0,0,0,0,0,0,0,0,0,0,0,0,0,0,0,0,0,0,0,0,0,0,0,0,0,0,0,0,0,0,
0,0,0,0,0,0,0,0,0,0,0,0,0,0,0,0,0,0,0,0,0,0,0,0,0,0,0,0,0,0,0,0,
0,0,0,0,0,0,0,0,0,0,0,0,0,0,0,0,0,0,0,0,0,0,0,0,0,0,0,0,0,0,0,0,
0,0,0,0,0,0,0,0,0,0,0,0,0,0,0,0,0,0,0,0,0,0,0,0,0,0,0,0,0,0,0,0,
0,0,0,0,0,0,0,0,0,0,0,0,0,0,0,0,0,0,0,0,0,0,0,0,0,0,0,0,0,0,0,0,
0,0,0,0,0,0,0,0,0,0,0,0,0,0,0,0,0,0,0,0,0,0,0,0,0,0,0,0,0,0,0,0,
0,0,0,0,0,0,0,0,0,0,0,0,0,0,0,0,0,0,0,0,0,0,0,0,0,0,0,0,0,0,0,0,
0,0,0,0,0,0,0,0,0,0,0,0,0,0,0,0,0,0,0,0,0,0,0,0,0,0,0,0,0,0,0,0,
0,0,0,0,0,0,0,0,0,0,0,0,0,0,0,0,0,0,0,0,0,0,0,0,0,0,0,0,0,0,0,0,
0,0,0,0,0,0,0,0,0,0,0,0,0,0,0,0,0,0,0,0,0,0,0,0,0,0,0,0,0,0,0,0,
0,0,0,0,0,0,0,0,0,0,0,0,0,0,0,0,0,0,0,0,0,0,0,0,0,0,0,0,0,0,0,0,
0,0,0,0,0,0,0,0,0,0,0,0,0,0,0,0,0,0,0,0,0,0,0,0,0,0,0,0,0,0,0,0,
0,0,0,0,0,0,0,0,0,0,0,0,0,0,0,0,0,0,0,0,0,0,0,0,0,0,0,0,0,0,0,0,
0,0,0,0,0,0,0,0,0,0,0,0,0,0,0,0,0,0,0,0,0,0,0,0,0,0,0,0,0,0,0,0,
0,0,0,0,0,0,0,0,0,0,0,0,0,0,0,0,0,0,0,0,0,0,0,0,0,0,0,0,0,0,0,0,
0,0,0,0,0,0,0,0,0,0,0,0,0,0,0,0,0,0,0,0,0,0,0,0,0,0,0,0,0,0,0,0,
0,0,0,0,0,0,0,0,0,0,0,0,0,0,0,0,0,0,0,0,0,0,0,0,0,0,0,0,0,0,0,0,
0,0,0,0,0,0,0,0,0,0,0,0,0,0,0,0,0,0,0,0,0,0,0,0,0,0,0,0,0,0,0,0,
0,0,0,0,0,0,0,0,0,0,0,0,0,0,0,0,0,0,0,0,0,0,0,0,0,0,0,0,0,0,0,0,
0,0,0,0,0,0,0,0,0,0,0,0,0,0,0,0,0,0,0,0,0,0,0,0,0,0,0,0,0,0,0,0,
0,0,0,0,0,0,0,0,0,0,0,0,0,0,0,0,0,0,0,0,0,0,0,0,0,0,0,0,0,0,0,0,
0,0,0,0,0,0,0,0,0,0,0,0,0,0,0,0,0,0,0,0,0,0,0,0,0,0,0,0,0,0,0,0,
0,0,0,0,0,0,0,0,0,0,0,0,0,0,0,0,0,0,0,0,0,0,0,0,0,0,0,0,0,0,0,0,
0,0,0,0,0,0,0,0,0,0,0,0,0,0,0,0,0,0,0,0,0,0,0,0,0,0,0,0,0,0,0,0,
0,0,0,0,0,0,0,0,0,0,0,0,0,0,0,0,0,0,0,0,0,0,0,0,0,0,0,0,0,0,0,0,
0,0,0,0,0,0,0,0,0,0,0,0,0,0,0,0,0,0,0,0,0,0,0,0,0,0,0,0,0,0,0,0,
0,0,0,0,0,0,0,0,0,0,0,0,0,0,0,0,0,0,0,0,0,0,0,0,0,0,0,0,0,0,0,0,
0,0,0,0,0,0,0,0,0,0,0,0,0,0,0,0,0,0,0,0,0,0,0,0,0,0,0,0,0,0,0,0,
0,0,0,0,0,0,0,0,0,0,0,0,0,0,0,0,0,0,0,0,0,0,0,0,0,0,0,0,0,0,0,0,
0,0,0,0,0,0,0,0,0,0,0,0,0,0,0,0,0,0,0,0,0,0,0,0,0,0,0,0,0,0,0,0,
0,0,0,0,0,0,0,0,0,0,0,0,0,0,0,0,0,0,0,0,0,0,0,0,0,0,0,0,0,0,0,0,
0,0,0,0,0,0,0,0,0,0,0,0,0,0,0,0,0,0,0,0,0,0,0,0,0,0,0,0,0,0,0,0,
0,0,0,0,0,0,0,0,0,0,0,0,0,0,0,0,0,0,0,0,0,0,0,0,0,0,0,0,0,0,0,0,
0,0,0,0,0,0,0,0,0,0,0,0,0,0,0,0,0,0,0,0,0,0,0,0,0,0,0,0,0,0,0,0,
0,0,0,0,0,0,0,0,0,0,0,0,0,0,0,0,0,0,0,0,0,0,0,0,0,0,0,0,0,0,0,0,
0,0,0,0,0,0,0,0,0,0,0,0,0,0,0,0,0,0,0,0,0,0,0,0,0,0,0,0,0,0,0,0,
0,0,0,0,0,0,0,0,0,0,0,0,0,0,0,0,0,0,0,0,0,0,0,0,0,0,0,0,0,0,0,0,
0,0,0,0,0,0,0,0,0,0,0,0,0,0,0,0,0,0,0,0,0,0,0,0,0,0,0,0,0,0,0,0,
0,0,0,0,0,0,0,0,0,0,0,0,0,0,0,0,0,0,0,0,0,0,0,0,0,0,0,0,0,0,0,0,
0,0,0,0,0,0,0,0,0,0,0,0,0,0,0,0,0,0,0,0,0,0,0,0,0,0,0,0,0,0,0,0,
0,0,0,0,0,0,0,0,0,0,0,0,0,0,0,0,0,0,0,0,0,0,0,0,0,0,0,0,0,0,0,0,
0,0,0,0,0,0,0,0,0,0,0,0,0,0,0,0,0,0,0,0,0,0,0,0,0,0,0,0,0,0,0,0,
0,0,0,0,0,0,0,0,0,0,0,0,0,0,0,0,0,0,0,0,0,0,0,0,0,0,0,0,0,0,0,0,
0,0,0,0,0,0,0,0,0,0,0,0,0,0,0,0,0,0,0,0,0,0,0,0,0,0,0,0,0,0,0,0,
0,0,0,0,0,0,0,0,0,0,0,0,0,0,0,0,0,0,0,0,0,0,0,0,0,0,0,0,0,0,0,0,
0,0,0,0,0,0,0,0,0,0,0,0,0,0,0,0,0,0,0,0,0,0,0,0,0,0,0,0,0,0,0,0,
0,0,0,0,0,0,0,0,0,0,0,0,0,0,0,0,0,0,0,0,0,0,0,0,0,0,0,0,0,0,0,0,
0,0,0,0,0,0,0,0,0,0,0,0,0,0,0,0,0,0,0,0,0,0,0,0,0,0,0,0,0,0,0,0,
0,0,0,0,0,0,0,0,0,0,0,0,0,0,0,0,0,0,0,0,0,0,0,0,0,0,0,0,0,0,0,0,
0,0,0,0,0,0,0,0,0,0,0,0,0,0,0,0,0,0,0,0,0,0,0,0,0,0,0,0,0,0,0,0,
0,0,0,0,0,0,0,0,0,0,0,0,0,0,0,0,0,0,0,0,0,0,0,0,0,0,0,0,0,0,0,0,
0,0,0,0,0,0,0,0,0,0,0,0,0,0,0,0,0,0,0,0,0,0,0,0,0,0,0,0,0,0,0,0,
0,0,0,0,0,0,0,0,0,0,0,0,0,0,0,0,0,0,0,0,0,0,0,0,0,0,0,0,0,0,0,0,
0,0,0,0,0,0,0,0,0,0,0,0,0,0,0,0,0,0,0,0,0,0,0,0,0,0,0,0,0,0,0,0,
0,0,0,0,0,0,0,0,0,0,0,0,0,0,0,0,0,0,0,0,0,0,0,0,0,0,0,0,0,0,0,0</data>
		</layer>
		<layer id="functional">
			<data>0,0,0,0,0,0,0,0,0,0,0,0,0,0,0,0,0,0,0,0,0,0,0,0,0,0,0,0,0,0,0,0,
0,0,0,0,0,0,0,0,0,0,0,0,0,0,0,0,0,0,0,0,0,0,0,0,0,0,0,0,0,0,0,0,
0,0,0,0,0,0,0,0,0,0,0,0,0,0,0,0,0,0,0,0,0,0,0,0,0,0,0,0,0,0,0,0,
0,0,0,0,0,0,0,0,0,0,0,0,0,0,0,0,0,0,0,0,0,0,0,0,0,0,0,0,0,0,0,0,
0,0,0,0,0,0,0,0,0,0,0,0,0,0,0,0,0,0,0,0,0,0,0,0,0,0,0,0,0,0,0,0,
0,0,0,0,0,0,0,0,0,0,0,0,0,0,0,0,0,0,0,0,0,0,0,0,0,0,0,0,0,0,0,0,
0,0,0,0,0,0,0,0,0,0,0,0,0,0,0,0,0,0,0,0,0,0,0,0,0,0,0,0,0,0,0,0,
0,0,0,0,0,0,0,0,0,0,0,0,0,0,0,0,0,0,0,0,0,0,0,0,0,0,0,0,0,0,0,0,
0,0,0,0,0,0,0,0,0,0,0,0,0,0,0,0,0,0,0,0,0,0,0,0,0,0,0,0,0,0,0,0,
0,0,0,0,0,0,0,0,0,0,0,0,0,0,0,0,0,0,0,0,0,0,0,0,0,0,0,0,0,0,0,0,
0,0,0,0,0,0,0,0,0,0,0,0,0,0,0,0,0,0,0,0,0,0,0,0,0,0,0,0,0,0,0,0,
0,0,0,0,0,0,0,0,0,0,0,0,0,0,0,0,0,0,0,0,0,0,0,0,0,0,0,0,0,0,0,0,
0,0,0,0,0,0,0,0,0,0,0,0,0,0,0,0,0,0,0,0,0,0,0,0,0,0,0,0,0,0,0,0,
0,0,0,0,0,0,0,0,0,0,0,0,0,0,0,0,0,0,0,0,0,0,0,0,0,0,0,0,0,0,0,0,
0,0,0,0,0,0,0,0,0,0,0,0,0,0,0,0,0,0,0,0,0,0,0,0,0,0,0,0,0,0,0,0,
0,0,0,0,0,0,0,0,0,0,0,0,0,0,0,0,0,0,0,0,0,0,0,0,0,0,0,0,0,0,0,0,
0,0,0,0,0,0,0,0,0,0,0,0,0,0,0,0,0,0,0,0,0,0,0,0,0,0,0,0,0,0,0,0,
0,0,0,0,0,0,0,0,0,0,0,0,0,0,0,0,0,0,0,0,0,0,0,0,0,0,0,0,0,0,0,0,
0,0,0,0,0,0,0,0,0,0,0,0,0,0,0,0,0,0,0,0,0,0,0,0,0,0,0,0,0,0,0,0,
0,0,0,0,0,0,0,0,0,0,0,0,0,0,0,0,0,0,0,0,0,0,0,0,0,0,0,0,0,0,0,0,
0,0,0,0,0,0,0,0,0,0,0,0,0,0,0,0,0,0,0,0,0,0,0,0,0,0,0,0,0,0,0,0,
0,0,0,0,0,0,0,0,0,0,0,0,0,0,0,0,0,0,0,0,0,0,0,0,0,0,0,0,0,0,0,0,
0,0,0,0,0,0,0,0,0,0,0,0,0,0,0,0,0,0,0,0,0,0,0,0,0,0,0,0,0,0,0,0,
0,0,0,0,0,0,0,0,0,0,0,0,0,0,0,0,0,0,0,0,0,0,0,0,0,0,0,0,0,0,0,0,
0,0,0,0,0,0,0,0,0,0,0,0,0,0,0,0,0,0,0,0,0,0,0,0,0,0,0,0,0,0,0,0,
0,0,0,0,0,0,0,0,0,0,0,0,0,0,0,0,0,0,0,0,0,0,0,0,0,0,0,0,0,0,0,0,
0,0,0,0,0,0,0,0,0,0,0,0,0,0,0,0,0,0,0,0,0,0,0,0,0,0,0,0,0,0,0,0,
0,0,0,0,0,0,0,0,0,0,0,0,0,0,0,0,0,0,0,0,0,0,0,0,0,0,0,0,0,0,0,0,
0,0,0,0,0,0,0,0,0,0,0,0,0,0,0,0,0,0,0,0,0,0,0,0,0,0,0,0,0,0,0,0,
0,0,0,0,0,0,0,0,0,0,0,0,0,0,0,0,0,0,0,0,0,0,0,0,0,0,0,0,0,0,0,0,
0,0,0,0,0,0,0,0,0,0,0,0,0,0,0,0,0,0,0,0,0,0,0,0,0,0,0,0,0,0,0,0,
0,0,0,0,0,0,0,0,0,0,0,0,0,0,0,0,0,0,0,0,0,0,0,0,0,0,0,0,0,0,0,0,
0,0,0,0,0,0,0,0,0,0,0,0,0,0,0,0,0,0,0,0,0,0,0,0,0,0,0,0,0,0,0,0,
0,0,0,0,0,0,0,0,0,0,0,0,0,0,0,0,0,0,0,0,0,0,0,0,0,0,0,0,0,0,0,0,
0,0,0,0,0,0,0,0,0,0,0,0,0,0,0,0,0,0,0,0,0,0,0,0,0,0,0,0,0,0,0,0,
0,0,0,0,0,0,0,0,0,0,0,0,0,0,0,0,0,0,0,0,0,0,0,0,0,0,0,0,0,0,0,0,
0,0,0,0,0,0,0,0,0,0,0,0,0,0,0,0,0,0,0,0,0,0,0,0,0,0,0,0,0,0,0,0,
0,0,0,0,0,0,0,0,0,0,0,0,0,0,0,0,0,0,0,0,0,0,0,0,0,0,0,0,0,0,0,0,
0,0,0,0,0,0,0,0,0,0,0,0,0,0,0,0,0,0,0,0,0,0,0,0,0,0,0,0,0,0,0,0,
0,0,0,0,0,0,0,0,0,0,0,0,0,0,0,0,0,0,0,0,0,0,0,0,0,0,0,0,0,0,0,0,
0,0,0,0,0,0,0,0,0,0,0,0,0,0,0,0,0,0,0,0,0,0,0,0,0,0,0,0,0,0,0,0,
0,0,0,0,0,0,0,0,0,0,0,0,0,0,0,0,0,0,0,0,0,0,0,0,0,0,0,0,0,0,0,0,
0,0,0,0,0,0,0,0,0,0,0,0,0,0,0,0,0,0,0,0,0,0,0,0,0,0,0,0,0,0,0,0,
0,0,0,0,0,0,0,0,0,0,0,0,0,0,0,0,0,0,0,0,0,0,0,0,0,0,0,0,0,0,0,0,
0,0,0,0,0,0,0,0,0,0,0,0,0,0,0,0,0,0,0,0,0,0,0,0,0,0,0,0,0,0,0,0,
0,0,0,0,0,0,0,0,0,0,0,0,0,0,0,0,0,0,0,0,0,0,0,0,0,0,0,0,0,0,0,0,
0,0,0,0,0,0,0,0,0,0,0,0,0,0,0,0,0,0,0,0,0,0,0,0,0,0,0,0,0,0,0,0,
0,0,0,0,0,0,0,0,0,0,0,0,0,0,0,0,0,0,0,0,0,0,0,0,0,0,0,0,0,0,0,0,
0,0,0,0,0,0,0,0,0,0,0,0,0,0,0,0,0,0,0,0,0,0,0,0,0,0,0,0,0,0,0,0,
0,0,0,0,0,0,0,0,0,0,0,0,0,0,0,0,0,0,0,0,0,0,0,0,0,0,0,0,0,0,0,0,
0,0,0,0,0,0,0,0,0,0,0,0,0,0,0,0,0,0,0,0,0,0,0,0,0,0,0,0,0,0,0,0,
0,0,0,0,0,0,0,0,0,0,0,0,0,0,0,0,0,0,0,0,0,0,0,0,0,0,0,0,0,0,0,0,
0,0,0,0,0,0,0,0,0,0,0,0,0,0,0,0,0,0,0,0,0,0,0,0,0,0,0,0,0,0,0,0,
0,0,0,0,0,0,0,0,0,0,0,0,0,0,0,0,0,0,0,0,0,0,0,0,0,0,0,0,0,0,0,0,
0,0,0,0,0,0,0,0,0,0,0,0,0,0,0,0,0,0,0,0,0,0,0,0,0,0,0,0,0,0,0,0,
0,0,0,0,0,0,0,0,0,0,0,0,0,0,0,0,0,0,0,0,0,0,0,0,0,0,0,0,0,0,0,0,
0,0,0,0,0,0,0,0,0,0,0,0,0,0,0,0,0,0,0,0,0,0,0,0,0,0,0,0,0,0,0,0,
0,0,0,0,0,0,0,0,0,0,0,0,0,0,0,0,0,0,0,0,0,0,0,0,0,0,0,0,0,0,0,0,
0,0,0,0,0,0,0,0,0,0,0,0,0,0,0,0,0,0,0,0,0,0,0,0,0,0,0,0,0,0,0,0,
0,0,0,0,0,0,0,0,0,0,0,0,0,0,0,0,0,0,0,0,0,0,0,0,0,0,0,0,0,0,0,0,
0,0,0,0,0,0,0,0,0,0,0,0,0,0,0,0,0,0,0,0,0,0,0,0,0,0,0,0,0,0,0,0,
0,0,0,0,0,0,0,0,0,0,0,0,0,0,0,0,0,0,0,0,0,0,0,0,0,0,0,0,0,0,0,0,
0,0,0,0,0,0,0,0,0,0,0,0,0,0,0,0,0,0,0,0,0,0,0,0,0,0,0,0,0,0,0,0,
0,0,0,0,0,0,0,0,0,0,0,0,0,0,0,0,0,0,0,0,0,0,0,0,0,0,0,0,0,0,0,0,
0,0,0,0,0,0,0,0,0,0,0,0,0,0,0,0,0,0,0,0,0,0,0,0,0,0,0,0,0,0,0,0,
0,0,0,0,0,0,0,0,0,0,0,0,0,0,0,0,0,0,0,0,0,0,0,0,0,0,0,0,0,0,0,0,
0,0,0,0,0,0,0,0,0,0,0,0,0,0,0,0,0,0,0,0,0,0,0,0,0,0,0,0,0,0,0,0,
0,0,0,0,0,0,0,0,0,0,0,0,0,0,0,0,0,0,0,0,0,0,0,0,0,0,0,0,0,0,0,0,
0,0,0,0,0,0,0,0,0,0,0,0,0,0,0,0,0,0,0,0,0,0,0,0,0,0,0,0,0,0,0,0,
0,0,0,0,0,0,0,0,0,0,0,0,0,0,0,0,0,0,0,0,0,0,0,0,0,0,0,0,0,0,0,0,
0,0,0,0,0,0,0,0,0,0,0,0,0,0,0,0,0,0,0,0,0,0,0,0,0,0,0,0,0,0,0,0,
0,0,0,0,0,0,0,0,0,0,0,0,0,0,0,0,0,0,0,0,0,0,0,0,0,0,0,0,0,0,0,0,
0,0,0,0,0,0,0,0,0,0,0,0,0,0,0,0,0,0,0,0,0,0,0,0,0,0,0,0,0,0,0,0,
0,0,0,0,0,0,0,0,0,0,0,0,0,0,0,0,0,0,0,0,0,0,0,0,0,0,0,0,0,0,0,0,
0,0,0,0,0,0,0,0,0,0,0,0,0,0,0,0,0,0,0,0,0,0,0,0,0,0,0,0,0,0,0,0,
0,0,0,0,0,0,0,0,0,0,0,0,0,0,0,0,0,0,0,0,0,0,0,0,0,0,0,0,0,0,0,0,
0,0,0,0,0,0,0,0,0,0,0,0,0,0,0,0,0,0,0,0,0,0,0,0,0,0,0,0,0,0,0,0,
0,0,0,0,0,0,0,0,0,0,0,0,0,0,0,0,0,0,0,0,0,0,0,0,0,0,0,0,0,0,0,0,
0,0,0,0,0,0,0,0,0,0,0,0,0,0,0,0,0,0,0,0,0,0,0,0,0,0,0,0,0,0,0,0,
0,0,0,0,0,0,0,0,0,0,0,0,0,0,0,0,0,0,0,0,0,0,0,0,0,0,0,0,0,0,0,0,
0,0,0,0,0,0,0,0,0,0,0,0,0,0,0,0,0,0,0,0,0,0,0,0,0,0,0,0,0,0,0,0,
0,0,0,0,0,0,0,0,0,0,0,0,0,0,0,0,0,0,0,0,0,0,0,0,0,0,0,0,0,0,0,0,
0,0,0,0,0,0,0,0,0,0,0,0,0,0,0,0,0,0,0,0,0,0,0,0,0,0,0,0,0,0,0,0,
0,0,0,0,0,0,0,0,0,0,0,0,0,0,0,0,0,0,0,0,0,0,0,0,0,0,0,0,0,0,0,0,
0,0,0,0,0,0,0,0,0,0,0,0,0,0,0,0,0,0,0,0,0,0,0,0,0,0,0,0,0,0,0,0,
0,0,0,0,0,0,0,0,0,0,0,0,0,0,0,0,0,0,0,0,0,0,0,0,0,0,0,0,0,0,0,0,
0,0,0,0,0,0,0,0,0,0,0,0,0,0,0,0,0,0,0,0,0,0,0,0,0,0,0,0,0,0,0,0,
0,0,0,0,0,0,0,0,0,0,0,0,0,0,0,0,0,0,0,0,0,0,0,0,0,0,0,0,0,0,0,0,
0,0,0,0,0,0,0,0,0,0,0,0,0,0,0,0,0,0,0,0,0,0,0,0,0,0,0,0,0,0,0,0,
0,0,0,0,0,0,0,0,0,0,0,0,0,0,0,0,0,0,0,0,0,0,0,0,0,0,0,0,0,0,0,0,
0,0,0,0,0,0,0,0,0,0,0,0,0,0,0,0,0,0,0,0,0,0,0,0,0,0,0,0,0,0,0,0,
0,0,0,0,0,0,0,0,0,0,0,0,0,0,0,0,0,0,0,0,0,0,0,0,0,0,0,0,0,0,0,0,
0,0,0,0,0,0,0,0,0,0,0,0,0,0,0,0,0,0,0,0,0,0,0,0,0,0,0,0,0,0,0,0,
0,0,0,0,0,0,0,0,0,0,0,0,0,0,0,0,0,0,0,0,0,0,0,0,0,0,0,0,0,0,0,0,
0,0,0,0,0,0,0,0,0,0,0,0,0,0,0,0,0,0,0,0,0,0,0,0,0,0,0,0,0,0,0,0,
0,0,0,0,0,0,238,238,238,238,238,238,238,238,238,238,238,238,238,238,238,238,238,238,238,0,0,0,0,0,0,0</data>
		</layer>
	</room>
	<exits>
		<exit levelId="2" roomId="2" x="6" y="95"></exit>
		<exit levelId="2" roomId="2" x="7" y="95"></exit>
		<exit levelId="2" roomId="2" x="8" y="95"></exit>
		<exit levelId="2" roomId="2" x="9" y="95"></exit>
		<exit levelId="2" roomId="2" x="10" y="95"></exit>
		<exit levelId="2" roomId="2" x="11" y="95"></exit>
		<exit levelId="2" roomId="2" x="12" y="95"></exit>
		<exit levelId="2" roomId="2" x="13" y="95"></exit>
		<exit levelId="2" roomId="2" x="14" y="95"></exit>
		<exit levelId="2" roomId="2" x="15" y="95"></exit>
		<exit levelId="2" roomId="2" x="16" y="95"></exit>
		<exit levelId="2" roomId="2" x="17" y="95"></exit>
		<exit levelId="2" roomId="2" x="18" y="95"></exit>
		<exit levelId="2" roomId="2" x="19" y="95"></exit>
		<exit levelId="2" roomId="2" x="20" y="95"></exit>
		<exit levelId="2" roomId="2" x="21" y="95"></exit>
		<exit levelId="2" roomId="2" x="22" y="95"></exit>
		<exit levelId="2" roomId="2" x="23" y="95"></exit>
		<exit levelId="2" roomId="2" x="24" y="95"></exit>
	</exits>
</level>
