<?xml version="1.0" encoding="UTF-8"?>
<level>
	<room backgroundId="10011" size="2" saveOnEntrance="0" playerPosX="768" playerPosY="0">
		<layer id="base">
			<data>17,17,17,17,18,15,0,0,0,0,0,0,0,0,0,0,0,0,0,0,0,0,0,0,0,13,16,17,17,17,17,17,
17,17,17,17,18,15,0,0,0,0,0,0,0,0,0,0,0,0,0,0,0,0,0,0,0,13,16,17,17,17,17,17,
17,17,17,17,18,15,0,0,0,0,0,0,0,0,0,0,0,0,0,0,0,0,0,0,0,13,16,17,17,17,17,17,
17,17,17,17,18,15,0,0,0,0,0,0,0,0,0,0,0,0,0,0,0,0,0,0,0,13,16,17,17,17,17,17,
17,17,17,17,18,15,0,0,0,0,0,0,0,0,0,0,0,0,0,0,0,0,0,0,0,13,16,17,17,17,17,17,
17,17,17,17,18,15,0,0,0,0,0,0,0,0,0,0,0,0,0,0,0,0,0,0,0,13,16,17,17,17,17,17,
17,17,17,17,18,15,0,0,0,0,0,0,0,0,0,0,0,0,0,0,0,0,0,0,0,13,16,17,17,17,17,17,
17,17,17,17,18,15,0,0,0,0,0,0,0,0,0,0,0,0,0,0,0,0,0,0,0,13,16,17,17,17,17,17,
17,17,17,17,18,15,0,0,0,0,0,0,0,0,0,0,0,0,0,0,0,0,0,0,0,13,16,17,17,17,17,17,
17,17,17,17,30,27,0,0,0,0,0,0,0,0,0,0,0,0,0,0,0,0,0,0,0,13,16,17,17,17,17,17,
17,17,17,18,15,0,0,0,0,0,0,0,0,0,0,0,0,0,0,0,0,0,0,0,0,13,16,17,17,17,17,17,
17,17,17,18,15,0,0,0,0,0,0,0,0,0,0,0,0,0,0,0,0,0,0,0,0,13,16,17,17,17,17,17,
17,17,17,18,15,0,0,0,0,0,0,0,0,0,0,0,0,0,0,0,0,0,0,0,0,13,16,17,17,17,17,17,
17,17,17,18,15,0,0,0,0,0,0,0,0,0,0,0,0,0,0,0,0,0,0,0,0,13,16,17,17,17,17,17,
17,17,17,18,15,0,0,0,0,0,0,0,0,0,0,0,0,0,0,0,0,0,0,0,0,13,16,17,17,17,17,17,
17,17,17,18,15,0,0,0,0,0,0,0,0,0,0,0,0,0,0,0,0,0,0,0,0,13,16,17,17,17,17,17,
17,17,17,18,15,0,0,0,0,0,0,0,0,0,0,0,0,0,0,0,0,0,0,0,217,4,17,17,17,17,17,17,
17,17,17,18,15,0,0,0,0,0,0,0,0,0,0,0,0,0,0,0,0,0,0,0,13,16,17,17,17,17,17,17,
17,17,17,18,15,0,0,0,0,0,0,0,0,0,0,0,0,0,0,0,0,0,0,0,13,16,17,17,17,17,17,17,
17,17,17,18,15,0,0,0,0,0,0,0,0,0,0,0,0,0,0,0,0,0,0,0,13,16,17,17,17,17,17,17,
17,17,17,18,15,0,0,0,0,0,0,0,0,0,0,0,0,0,0,0,0,0,0,0,13,16,17,17,17,17,17,17,
17,17,17,18,15,0,0,0,0,0,0,0,0,0,0,0,0,0,0,0,0,0,0,0,13,16,17,17,17,17,17,17,
17,17,17,18,15,0,0,0,0,0,0,0,0,0,0,0,0,0,0,0,0,0,0,0,13,16,17,17,17,17,17,17,
17,17,17,18,15,0,0,0,0,0,0,0,0,0,0,0,0,0,0,0,0,0,0,0,13,16,17,17,17,17,17,17,
17,17,17,18,15,0,0,0,0,0,0,0,0,0,0,0,0,0,0,0,0,0,0,0,13,16,17,17,17,17,17,17,
17,17,17,18,15,0,0,0,0,0,0,0,0,0,0,0,0,0,0,0,0,0,0,217,4,17,17,17,17,17,17,17,
17,17,17,18,15,0,0,0,0,0,0,0,0,0,0,0,0,0,0,0,0,0,0,13,16,17,17,17,17,17,17,17,
17,17,17,30,27,0,0,0,0,0,0,0,0,0,0,0,0,0,0,0,0,0,0,13,16,17,17,17,17,17,17,17,
17,17,18,15,0,0,0,0,0,0,0,0,0,0,0,0,0,0,0,0,0,0,0,13,16,17,17,17,17,17,17,17,
17,17,18,15,0,0,0,0,0,0,0,0,0,0,0,0,0,0,0,0,0,0,0,13,16,17,17,17,17,17,17,17,
17,17,18,15,0,0,0,0,0,0,0,0,0,0,0,0,0,0,0,0,0,0,0,13,16,17,17,17,17,17,17,17,
17,17,18,15,0,0,0,0,0,0,0,0,0,0,0,0,0,0,0,0,0,0,0,13,16,17,17,17,17,17,17,17,
17,17,18,15,0,0,0,0,0,0,0,0,0,0,0,0,0,0,0,0,0,0,217,4,17,17,17,17,17,17,17,17,
17,17,18,15,0,0,0,0,0,0,0,0,0,0,0,0,0,0,0,0,0,0,13,16,17,17,17,17,17,17,17,17,
17,17,18,15,0,0,0,0,0,0,0,0,0,0,0,0,0,0,0,0,0,0,13,16,17,17,17,17,17,17,17,17,
17,17,18,15,0,0,0,0,0,0,0,0,0,0,0,0,0,0,0,0,0,0,13,16,17,17,17,17,17,17,17,17,
17,17,18,15,0,0,0,0,0,0,0,0,0,0,0,0,0,0,0,0,0,0,13,16,17,17,17,17,17,17,17,17,
17,17,18,15,0,0,0,0,0,0,0,0,0,0,0,0,0,0,0,0,0,0,13,16,17,17,17,17,17,17,17,17,
17,17,18,15,0,0,0,0,0,0,0,0,0,0,0,0,0,0,0,0,0,0,13,16,17,17,17,17,17,17,17,17,
17,17,18,15,0,0,0,0,0,0,0,0,0,0,0,0,0,0,0,0,0,0,13,16,17,17,17,17,17,17,17,17,
17,17,18,15,0,0,0,0,0,0,0,0,0,0,0,0,0,0,0,0,0,0,13,16,17,17,17,17,17,17,17,17,
17,17,18,15,0,0,0,0,0,0,0,0,0,0,0,0,0,0,0,0,0,0,13,16,17,17,17,17,17,17,17,17,
17,17,18,15,0,0,0,0,0,0,0,0,0,0,0,0,0,0,0,0,0,0,13,16,17,17,17,17,17,17,17,17,
17,17,18,15,0,0,0,0,0,0,0,0,0,0,0,0,0,0,0,0,0,0,13,16,17,17,17,17,17,17,17,17,
17,17,18,15,0,0,0,0,0,0,0,0,0,0,0,0,0,0,0,0,0,0,13,16,17,17,17,17,17,17,17,17,
17,17,18,15,0,0,0,0,0,0,0,0,0,0,0,0,0,0,0,0,0,0,13,16,17,17,17,17,17,17,17,17,
17,17,18,15,0,0,0,0,0,0,0,0,0,0,0,0,0,0,0,0,0,0,13,16,17,17,17,17,17,17,17,17,
17,17,18,15,0,0,0,0,0,0,0,0,0,0,0,0,0,0,0,0,0,0,13,16,17,17,17,17,17,17,17,17,
17,17,18,15,0,0,0,0,0,0,0,0,0,0,0,0,0,0,0,0,0,0,13,16,17,17,17,17,17,17,17,17,
17,17,30,27,0,0,0,0,0,0,0,0,0,0,0,0,0,0,0,0,0,0,13,16,17,17,17,17,17,17,17,17,
17,18,15,0,0,0,0,0,0,0,0,0,0,0,0,0,0,0,0,0,0,0,13,16,17,17,17,17,17,17,17,17,
17,18,15,0,0,0,0,0,0,0,0,0,0,0,0,0,0,0,0,0,0,0,13,16,17,17,17,17,17,17,17,17,
17,18,15,0,0,0,0,0,0,0,0,0,0,0,0,0,0,0,0,0,0,0,13,16,17,17,17,17,17,17,17,17,
17,18,15,0,0,0,0,0,0,0,0,0,0,0,0,0,0,0,0,0,0,0,13,16,17,17,17,17,17,17,17,17,
17,18,15,0,0,0,0,0,0,0,0,0,0,0,0,0,0,0,0,0,0,0,13,16,17,17,17,17,17,17,17,17,
17,18,15,0,0,0,0,0,0,0,0,0,0,0,0,0,0,0,0,0,0,0,13,16,17,17,17,17,17,17,17,17,
17,18,15,0,0,0,0,0,0,0,0,0,0,0,0,0,0,0,0,0,0,0,13,16,17,17,17,17,17,17,17,17,
17,18,15,0,0,0,0,0,0,0,0,0,0,0,0,0,0,0,0,0,0,0,13,16,17,17,17,17,17,17,17,17,
17,18,15,0,0,0,0,0,0,0,0,0,0,0,0,0,0,0,0,0,0,0,25,28,17,17,17,17,17,17,17,17,
17,18,15,0,0,0,0,0,0,0,0,0,0,0,0,0,0,0,0,0,0,0,0,13,16,17,17,17,17,17,17,17,
17,18,15,0,0,0,0,0,0,0,0,0,0,0,0,0,0,0,0,0,0,0,0,13,16,17,17,17,17,17,17,17,
17,18,15,0,0,0,0,0,0,0,0,0,0,0,0,0,0,0,0,0,0,0,0,13,16,17,17,17,17,17,17,17,
17,18,15,0,0,0,0,0,0,0,0,0,0,0,0,0,0,0,0,0,0,0,0,25,28,17,17,17,17,17,17,17,
17,18,15,0,0,0,0,0,0,0,0,0,0,0,0,0,0,0,0,0,0,0,0,0,13,16,17,17,17,17,17,17,
17,18,15,0,0,0,0,0,0,0,0,0,0,0,0,0,0,0,0,0,0,0,0,0,13,16,17,17,17,17,17,17,
17,18,15,0,0,0,0,0,0,0,0,0,0,0,0,0,0,0,0,0,0,0,0,0,13,16,17,17,17,17,17,17,
17,18,15,0,0,0,0,0,0,0,0,0,0,0,0,0,0,0,0,0,0,0,0,0,13,16,17,17,17,17,17,17,
17,18,15,0,0,0,0,0,0,0,0,0,0,0,0,0,0,0,0,0,0,0,0,0,13,16,17,17,17,17,17,17,
17,18,15,0,0,0,0,0,0,0,0,0,0,0,0,0,0,0,0,0,0,0,0,0,13,16,17,17,17,17,17,17,
17,18,15,0,0,0,0,0,0,0,0,0,0,0,0,0,0,0,0,0,0,0,0,0,13,16,17,17,17,17,17,17,
17,18,15,0,0,0,0,0,0,0,0,0,0,0,0,0,0,0,0,0,0,0,0,0,13,16,17,17,17,17,17,17,
17,18,15,0,0,0,0,0,0,0,0,0,0,0,0,0,0,0,0,0,0,0,0,0,13,16,17,17,17,17,17,17,
17,18,15,0,0,0,0,0,0,0,0,0,0,0,0,0,0,0,0,0,0,0,0,0,25,28,17,17,17,17,17,17,
17,18,15,0,0,0,0,0,0,0,0,0,0,0,0,0,0,0,0,0,0,0,0,0,0,13,16,17,17,17,17,17,
17,18,15,0,0,0,0,0,0,0,0,0,0,0,0,0,0,0,0,0,0,0,0,0,0,25,28,17,17,17,17,17,
17,18,15,0,0,0,0,0,0,0,0,0,0,0,0,0,0,0,0,0,0,0,0,0,0,0,13,16,17,17,17,17,
17,18,15,0,0,0,0,0,0,0,0,0,0,0,0,0,0,0,0,0,0,0,0,0,0,0,13,16,17,17,17,17,
17,18,15,0,0,0,0,0,0,0,0,0,0,0,0,0,0,0,0,0,0,0,0,0,0,0,13,16,17,17,17,17,
17,30,27,0,0,0,0,0,0,0,0,0,0,0,0,0,0,0,0,0,0,0,0,0,0,0,13,16,17,17,17,17,
18,15,0,0,0,0,0,0,0,0,0,0,0,0,0,0,0,0,0,0,0,0,0,0,0,0,25,28,17,17,17,17,
18,15,0,0,0,0,0,0,0,0,0,0,0,0,0,0,0,0,0,0,0,0,0,0,0,0,0,13,16,17,17,17,
18,15,0,0,0,0,0,0,0,0,0,0,0,0,0,0,0,0,0,0,0,0,0,0,0,0,0,13,16,17,17,17,
18,15,0,0,0,0,0,0,0,0,0,0,0,0,0,0,0,0,0,0,0,0,0,0,0,0,0,13,16,17,17,17,
18,15,0,0,0,0,0,0,0,0,0,0,0,0,0,0,0,0,0,0,0,0,0,0,0,0,0,25,28,17,17,17,
18,15,0,0,0,0,0,0,0,0,0,0,0,0,0,0,0,0,0,0,0,0,0,0,0,0,0,0,25,28,17,17,
18,15,0,0,0,0,0,0,0,0,0,0,0,0,0,0,0,0,0,0,0,0,0,0,0,0,0,0,0,25,28,17,
30,27,0,0,0,0,0,0,0,0,0,0,0,0,0,0,0,0,0,0,0,0,0,0,0,0,0,0,0,0,13,16,
27,0,0,0,0,0,0,0,0,0,0,0,0,0,0,0,0,0,0,0,0,0,0,0,0,0,0,0,0,0,25,28,
224,0,0,0,0,0,0,0,0,0,0,0,0,0,0,0,0,0,0,0,0,0,0,0,0,0,0,0,0,0,0,25,
255,0,0,0,0,0,0,0,0,0,0,0,0,0,0,0,0,0,0,0,0,0,0,0,0,0,0,0,0,0,0,0,
255,0,0,0,0,0,0,0,0,0,0,0,0,0,90,0,0,0,0,0,0,0,0,0,0,0,0,0,0,0,0,0,
255,0,0,0,0,0,0,220,0,0,0,0,0,0,89,0,0,0,0,0,0,0,0,0,0,0,0,220,131,132,0,0,
255,0,220,0,0,22,0,232,0,22,0,0,241,242,242,243,220,0,0,220,0,0,0,0,220,0,0,232,0,91,0,0,
246,242,242,242,242,242,242,242,242,242,242,242,244,245,245,246,242,242,242,242,243,0,22,0,232,0,241,242,242,242,242,242,
257,245,245,245,245,245,245,245,245,245,245,245,257,257,257,257,246,245,245,245,246,242,242,242,242,242,244,245,245,245,245,245,
257,257,257,257,257,257,257,257,257,257,257,257,257,257,257,257,257,257,257,257,257,245,245,245,245,245,257,257,257,257,257,257</data>
		</layer>
		<layer id="back">
			<data>161,161,161,161,161,161,161,161,161,161,161,161,161,161,161,161,161,161,161,161,161,161,161,161,161,161,161,161,161,161,161,161,
161,161,161,161,161,161,161,161,161,161,161,161,161,161,161,161,161,161,161,161,161,161,161,161,161,161,161,161,161,161,161,161,
161,161,161,161,161,161,161,161,161,161,161,161,161,161,161,161,161,161,151,153,153,153,161,161,161,161,161,161,161,161,161,161,
161,161,161,161,161,161,161,161,161,161,161,161,161,161,161,161,161,161,175,158,158,158,158,153,161,161,161,161,161,161,161,161,
161,161,161,161,161,161,161,161,161,161,161,161,161,161,161,161,161,161,161,161,158,177,161,177,161,161,161,161,161,161,161,161,
161,161,161,161,161,161,161,161,161,161,161,161,161,161,151,153,161,161,161,175,175,161,161,161,161,161,161,161,161,161,161,161,
161,161,161,161,161,161,161,161,161,161,161,161,161,161,158,158,161,161,161,161,161,161,161,161,161,161,161,161,161,161,161,161,
161,161,161,161,161,161,161,161,161,161,161,161,161,161,175,158,153,161,161,161,161,161,161,161,161,161,161,161,161,161,161,161,
161,161,161,161,161,161,161,161,161,161,161,161,161,161,161,158,158,161,161,161,161,161,161,161,161,161,161,161,161,161,161,161,
161,161,161,161,161,161,161,161,161,161,161,161,161,161,161,158,158,153,161,161,161,161,161,161,161,161,161,161,161,161,161,161,
161,161,161,161,161,161,161,161,161,161,161,161,161,161,161,158,158,158,161,161,161,161,161,161,161,161,161,161,161,161,161,161,
161,161,161,161,161,161,161,161,161,161,161,161,161,161,161,175,158,158,153,161,161,161,161,161,161,161,161,161,161,161,161,161,
161,161,161,161,161,161,161,161,161,161,161,161,161,161,161,161,158,158,158,161,161,161,161,161,161,161,161,161,161,161,161,161,
161,161,161,161,161,161,161,161,161,161,161,151,153,161,161,161,175,158,158,161,161,161,161,161,161,161,161,161,161,161,161,161,
161,161,161,161,161,161,161,161,161,161,161,158,177,161,161,161,161,158,158,161,161,161,161,161,161,161,161,161,161,161,161,161,
161,161,161,161,161,161,161,161,161,161,161,158,161,161,161,161,161,158,158,161,161,161,161,161,161,161,161,161,161,161,161,161,
161,161,161,161,161,161,161,161,161,161,151,158,161,161,161,161,161,175,158,161,161,161,161,161,161,161,161,161,161,161,161,161,
161,161,161,161,161,161,161,161,161,161,158,158,161,161,161,161,161,161,158,177,161,158,177,161,161,161,161,161,161,161,161,161,
161,161,161,161,161,161,161,161,161,161,158,158,161,161,161,161,161,161,158,177,161,158,161,161,161,161,161,161,161,161,161,161,
161,161,161,161,161,161,161,161,161,161,158,158,161,161,161,161,161,161,177,161,161,177,161,161,161,161,161,161,161,161,161,161,
161,161,161,161,161,161,161,161,161,161,158,158,161,161,161,161,161,161,161,161,161,161,161,161,161,161,161,161,161,161,161,161,
161,161,161,161,161,161,161,161,161,151,158,177,161,161,161,161,161,161,161,161,161,161,161,161,161,161,161,161,161,161,161,161,
161,161,161,161,161,161,161,161,161,158,158,161,161,161,161,161,161,153,161,161,161,161,161,161,161,161,161,161,161,161,161,161,
161,161,161,161,161,161,161,161,161,158,158,161,161,161,161,161,151,158,161,161,161,161,161,161,161,161,161,161,161,161,161,161,
161,161,161,161,161,161,161,161,161,158,177,161,161,161,161,161,161,158,161,161,161,161,161,161,161,161,161,161,161,161,161,161,
161,161,161,161,161,161,161,161,151,158,161,161,161,161,161,161,161,158,161,161,161,161,161,161,161,161,161,161,161,161,161,161,
161,161,161,161,161,161,161,161,158,158,161,161,161,161,161,161,161,158,161,161,161,161,161,161,161,161,161,161,161,161,161,161,
161,161,161,161,161,161,161,161,158,177,161,161,161,161,161,161,151,158,161,161,161,161,161,161,161,161,161,161,161,161,161,161,
161,161,161,161,161,161,161,161,158,161,161,161,161,161,161,161,158,158,161,161,161,161,161,161,161,161,161,161,161,161,161,161,
161,161,161,161,161,161,161,161,158,161,161,161,161,161,161,161,158,158,161,161,161,161,161,161,161,161,161,161,161,161,161,161,
161,161,161,161,161,161,161,161,175,161,161,161,161,161,161,161,158,158,153,161,161,161,161,161,161,161,161,161,161,161,161,161,
161,161,161,161,161,161,161,161,161,161,161,161,161,161,161,161,175,158,158,161,161,161,161,161,161,161,161,161,161,161,161,161,
161,161,161,161,161,161,161,161,161,161,161,161,161,161,161,161,161,158,158,161,161,161,161,161,161,161,161,161,161,161,161,161,
161,161,161,161,161,161,161,161,161,161,161,151,153,161,161,161,161,158,158,161,161,161,161,161,161,161,161,161,161,161,161,161,
161,161,161,161,161,161,161,161,161,161,161,158,158,161,161,161,161,175,158,161,161,161,161,161,161,161,161,161,161,161,161,161,
161,161,161,161,161,161,161,161,161,161,161,175,158,161,161,161,161,161,158,161,161,161,161,161,161,161,161,161,161,161,161,161,
161,161,161,161,161,161,161,161,161,161,161,161,158,153,161,161,161,161,158,161,161,161,161,161,161,161,161,161,161,161,161,161,
161,161,161,161,161,161,161,161,161,161,161,161,158,158,161,161,161,161,177,161,161,161,161,161,161,161,161,161,161,161,161,161,
161,161,161,161,161,161,161,161,161,161,161,151,158,158,161,161,161,161,161,161,161,161,161,161,161,161,161,161,161,161,161,161,
161,161,161,161,161,161,161,161,161,151,158,158,158,177,161,161,161,161,161,161,161,161,161,161,161,161,161,161,161,161,161,161,
161,161,161,161,161,161,161,161,151,177,161,161,161,161,161,161,161,161,161,161,161,161,161,161,161,161,161,161,161,161,161,161,
161,161,161,161,161,161,161,161,158,161,161,161,161,161,161,161,161,161,161,161,161,161,161,161,161,161,161,161,161,161,161,161,
161,161,161,161,161,161,161,161,158,161,161,161,161,161,161,161,161,161,161,161,161,161,161,161,161,161,161,161,161,161,161,161,
161,161,161,161,161,161,161,161,158,161,161,161,161,161,158,177,161,161,161,161,161,161,161,161,161,161,161,161,161,161,161,161,
161,161,161,161,161,161,161,161,158,153,161,161,161,161,158,161,161,161,161,161,161,161,161,161,161,161,161,161,161,161,161,161,
161,161,161,161,161,161,161,161,158,158,161,161,161,161,177,161,161,161,161,161,161,161,161,161,161,161,161,161,161,161,161,161,
161,161,161,161,161,161,161,161,175,158,153,161,161,161,161,161,161,161,161,161,161,161,161,161,161,161,161,161,161,161,161,161,
161,161,161,161,161,161,161,161,161,158,158,153,161,161,161,161,161,161,161,161,161,161,161,161,161,161,161,161,161,161,161,161,
161,161,161,161,161,161,161,161,161,158,158,158,153,161,161,161,161,161,161,161,161,161,161,161,161,161,161,161,161,161,161,161,
161,161,161,161,161,161,161,161,161,158,158,158,158,158,153,161,161,161,161,161,161,161,161,161,161,161,161,161,161,161,161,161,
161,161,161,161,161,161,161,161,161,158,158,158,158,158,158,158,158,153,161,161,161,161,161,161,161,161,161,161,161,161,161,161,
161,161,161,161,161,161,161,161,161,158,158,158,158,158,158,158,158,158,153,161,161,161,161,161,161,161,161,161,161,161,161,161,
161,161,161,161,161,161,161,161,161,175,158,158,158,158,158,158,158,158,177,161,161,161,161,161,161,161,161,161,161,161,161,161,
161,161,161,161,161,161,161,161,161,161,161,161,161,175,158,158,158,158,161,161,161,161,161,161,161,161,161,161,161,161,161,161,
161,161,161,161,161,161,161,161,161,161,161,161,161,161,161,175,158,158,161,161,161,161,161,161,161,161,161,161,161,161,161,161,
161,161,161,161,161,161,158,177,161,161,161,161,161,161,161,161,175,177,161,161,161,161,161,161,161,161,161,161,161,161,161,161,
161,161,161,161,161,161,158,161,161,161,161,161,161,161,161,161,161,161,161,161,161,161,161,161,161,161,161,161,161,161,161,161,
161,161,161,161,161,161,177,161,161,161,161,161,161,161,161,161,161,161,161,161,161,161,161,161,161,161,161,161,161,161,161,161,
161,161,161,161,161,161,161,161,161,161,161,161,161,161,161,161,161,161,161,161,161,161,161,161,161,161,161,161,161,161,161,161,
161,161,161,161,161,161,161,161,161,161,161,161,161,161,161,161,161,161,161,161,161,161,161,161,161,161,161,161,161,161,161,161,
161,161,161,161,161,161,161,161,161,161,161,161,161,161,161,161,161,161,161,161,161,161,161,161,161,161,161,161,161,161,161,161,
161,161,161,161,161,161,161,161,161,161,161,161,161,161,161,161,161,161,161,161,161,161,161,161,161,161,161,161,161,161,161,161,
161,161,161,161,161,161,161,161,161,151,173,153,161,161,161,161,161,161,161,161,161,161,161,161,161,161,161,161,161,161,161,161,
161,161,161,161,161,161,161,161,151,174,0,172,153,161,161,161,161,161,161,161,161,161,161,161,161,161,161,161,161,161,161,161,
161,161,161,161,161,161,161,161,162,0,0,0,172,153,161,161,161,151,153,153,153,161,161,161,161,161,161,161,161,161,161,161,
161,161,161,161,161,161,161,161,175,150,0,0,0,160,161,161,161,175,158,158,158,158,153,161,161,161,161,161,161,161,161,161,
161,161,161,161,161,161,161,161,161,175,150,0,0,160,161,161,161,161,161,158,177,161,177,161,161,161,161,161,161,161,161,161,
161,161,161,161,161,161,161,161,161,161,175,150,0,160,161,161,161,161,175,175,161,161,161,161,161,161,161,161,161,161,161,161,
161,161,161,161,161,161,161,161,161,161,161,162,0,160,161,161,161,161,161,161,161,161,161,161,161,161,161,161,161,161,161,161,
161,161,161,161,161,161,161,161,161,161,161,175,149,177,161,161,161,161,161,161,161,161,161,161,161,161,161,161,161,161,161,161,
161,161,161,161,161,161,161,161,161,161,161,161,161,161,161,161,151,173,173,153,161,161,161,161,161,161,161,161,161,161,161,161,
161,161,161,161,161,161,161,161,161,161,161,161,161,161,161,151,174,0,0,160,161,161,161,161,161,161,161,161,161,161,161,161,
161,161,161,151,153,153,153,161,161,161,161,161,161,161,151,174,0,0,0,160,161,161,161,161,161,161,161,161,161,161,161,161,
161,161,161,175,158,158,158,158,153,161,161,161,161,151,174,0,0,0,148,177,161,161,161,161,161,161,161,161,161,161,161,161,
161,161,161,161,161,158,177,161,177,161,161,161,161,162,0,0,0,0,160,161,161,161,161,161,161,161,161,161,161,161,161,161,
161,161,161,161,175,175,161,161,161,161,161,161,161,162,0,0,0,0,172,153,161,161,161,161,161,161,161,161,161,161,161,161,
161,161,161,161,161,161,161,161,151,173,153,161,161,162,0,0,0,0,0,172,173,153,161,161,161,161,161,161,161,161,161,161,
161,161,161,161,161,161,151,173,174,0,160,161,161,162,0,0,0,0,0,0,0,160,161,161,161,161,161,161,161,161,161,161,
161,161,161,151,173,173,174,0,0,0,172,153,161,162,0,0,0,0,0,0,0,172,153,161,161,151,161,161,161,161,161,161,
161,161,151,174,0,0,0,0,0,0,0,160,161,162,0,0,0,0,0,0,0,0,160,161,151,173,161,161,161,161,161,161,
161,161,174,0,0,0,0,0,0,0,0,160,161,162,0,0,0,0,0,0,0,0,160,161,162,0,172,161,161,161,161,161,
161,161,0,0,0,0,0,0,0,0,0,160,161,162,0,0,0,0,0,0,0,0,160,151,174,0,0,161,161,161,161,161,
161,161,0,0,0,0,0,0,0,0,0,160,153,174,0,0,0,0,0,0,0,0,160,158,0,0,0,0,161,161,161,161,
161,161,0,0,0,0,0,0,0,0,0,172,162,0,0,0,0,0,0,0,0,0,160,158,0,0,0,0,0,161,161,161,
161,161,0,0,0,0,0,0,0,0,0,148,162,0,0,0,0,0,0,0,0,0,160,158,0,0,0,0,0,161,161,161,
161,161,0,0,0,0,0,0,0,0,0,172,174,0,0,0,0,0,0,0,0,0,172,171,0,0,0,0,0,0,161,161,
161,162,0,0,0,0,0,0,0,0,0,0,0,0,0,0,0,0,0,0,0,0,0,0,0,0,0,0,0,0,161,161,
161,162,0,0,0,0,0,0,0,0,0,0,0,0,0,0,0,0,0,0,0,0,0,0,0,0,0,0,0,0,0,161,
257,162,0,0,0,0,0,0,0,0,0,0,0,0,0,0,0,0,0,0,0,0,0,0,0,0,0,0,0,0,0,0,
161,175,150,0,0,0,0,0,0,0,0,0,0,0,0,0,0,0,0,0,0,0,0,0,0,0,0,0,0,0,0,0,
161,161,175,150,0,0,0,0,0,0,0,0,0,0,0,0,0,0,0,0,0,0,0,0,0,0,0,0,0,0,0,0,
161,161,161,175,149,150,0,0,0,0,0,0,0,0,0,0,0,0,0,0,0,0,0,0,0,0,0,0,0,0,0,0,
0,161,161,161,161,175,149,149,149,150,0,0,0,0,0,0,0,0,0,0,0,0,0,0,0,0,0,0,0,0,0,0,
0,0,161,161,0,0,0,161,161,0,0,0,0,0,0,0,0,0,0,0,0,0,0,0,0,0,0,0,0,0,0,0,
0,0,0,0,0,0,0,0,0,0,0,0,0,0,0,0,0,0,0,0,0,0,0,0,0,0,0,0,0,0,0,0,
0,0,0,0,0,0,0,0,0,0,0,0,0,0,0,0,0,0,0,0,0,0,0,0,0,0,0,0,0,0,0,0</data>
		</layer>
		<layer id="deco">
			<data>0,0,0,0,0,0,0,0,0,0,0,0,0,0,0,0,0,0,0,0,0,0,0,0,0,0,0,0,0,0,0,0,
0,0,0,0,0,0,0,0,0,0,0,0,0,0,0,0,0,0,0,0,0,0,0,0,0,0,0,0,0,0,0,0,
0,0,0,0,0,0,0,0,0,0,0,0,0,0,0,0,0,0,0,0,0,0,0,0,0,0,0,0,0,0,0,0,
0,0,0,0,0,0,0,0,0,0,0,0,0,0,0,0,0,0,0,0,0,0,0,0,0,0,0,0,0,0,0,0,
0,0,0,0,0,0,0,0,0,0,0,0,0,0,0,0,0,0,0,0,0,0,0,0,0,0,0,0,0,0,0,0,
0,0,0,0,0,0,0,0,0,0,0,0,0,0,0,0,0,0,0,0,0,0,0,0,0,0,0,0,0,0,0,0,
0,0,0,0,0,0,0,0,0,0,0,0,0,0,0,0,0,0,0,0,0,0,0,0,0,0,0,0,0,0,0,0,
0,0,0,0,0,0,0,0,0,0,0,0,0,0,0,0,0,0,0,0,0,0,0,0,0,0,0,0,0,0,0,0,
0,0,0,0,0,0,0,0,0,0,0,0,0,0,0,0,0,0,0,0,0,0,0,0,0,0,0,0,0,0,0,0,
0,0,0,0,0,0,0,0,0,0,0,0,0,0,0,0,0,0,0,0,0,0,0,0,0,0,0,0,0,0,0,0,
0,0,0,0,0,0,0,0,0,0,0,0,0,0,0,0,0,0,0,0,0,0,0,0,0,0,0,0,0,0,0,0,
0,0,0,0,0,0,0,0,0,0,0,0,0,0,0,0,0,0,0,0,0,0,0,0,0,0,0,0,0,0,0,0,
0,0,0,0,0,0,0,0,0,0,0,0,0,0,0,0,0,0,0,0,0,0,0,0,0,0,0,0,0,0,0,0,
0,0,0,0,0,0,0,0,0,0,0,0,0,0,0,0,0,0,0,0,0,0,0,0,0,0,0,0,0,0,0,0,
0,0,0,0,0,0,0,0,0,0,0,0,0,0,0,0,0,0,0,0,0,0,0,0,0,0,0,0,0,0,0,0,
0,0,0,0,0,0,0,0,0,0,0,0,0,0,0,0,0,0,0,0,0,0,0,0,0,0,0,0,0,0,0,0,
0,0,0,0,0,0,0,0,0,0,0,0,0,0,0,0,0,0,0,0,0,0,0,0,0,0,0,0,0,0,0,0,
0,0,0,0,0,0,0,0,0,0,0,0,0,0,0,0,0,0,0,0,0,0,0,0,0,0,0,0,0,0,0,0,
0,0,0,0,0,0,0,0,0,0,0,0,0,0,0,0,0,0,0,0,0,0,0,0,0,0,0,0,0,0,0,0,
0,0,0,0,0,0,0,0,0,0,0,0,0,0,0,0,0,0,0,0,0,0,0,0,0,0,0,0,0,0,0,0,
0,0,0,0,0,0,0,0,0,0,0,0,0,0,0,0,0,0,0,0,0,0,0,0,0,0,0,0,0,0,0,0,
0,0,0,0,0,0,0,0,0,0,0,0,0,0,0,0,0,0,0,0,0,0,0,0,0,0,0,0,0,0,0,0,
0,0,0,0,0,0,0,0,0,0,0,0,0,0,0,0,0,0,0,0,0,0,0,0,0,0,0,0,0,0,0,0,
0,0,0,0,0,0,0,0,0,0,0,0,0,0,0,0,0,0,0,0,0,0,0,0,0,0,0,0,0,0,0,0,
0,0,0,0,0,0,0,0,0,0,0,0,0,0,0,0,0,0,0,0,0,0,0,0,0,0,0,0,0,0,0,0,
0,0,0,0,0,0,0,0,0,0,0,0,0,0,0,0,0,0,0,0,0,0,0,0,0,0,0,0,0,0,0,0,
0,0,0,0,0,0,0,0,0,0,0,0,0,0,0,0,0,0,0,0,0,0,0,0,0,0,0,0,0,0,0,0,
0,0,0,0,0,0,0,0,0,0,0,0,0,0,0,0,0,0,0,0,0,0,0,0,0,0,0,0,0,0,0,0,
0,0,0,0,0,0,0,0,0,0,0,0,0,0,0,0,0,0,0,0,0,0,0,0,0,0,0,0,0,0,0,0,
0,0,0,0,0,0,0,0,0,0,0,0,0,0,0,0,0,0,0,0,0,0,0,0,0,0,0,0,0,0,0,0,
0,0,0,0,0,0,0,0,0,0,0,0,0,0,0,0,0,0,0,0,0,0,0,0,0,0,0,0,0,0,0,0,
0,0,0,0,0,0,0,0,0,0,0,0,0,0,0,0,0,0,0,0,0,0,0,0,0,0,0,0,0,0,0,0,
0,0,0,0,0,0,0,0,0,0,0,0,0,0,0,0,0,0,0,0,0,0,0,0,0,0,0,0,0,0,0,0,
0,0,0,0,0,0,0,0,0,0,0,0,0,0,0,0,0,0,0,0,0,0,0,0,0,0,0,0,0,0,0,0,
0,0,0,0,0,0,0,0,0,0,0,0,0,0,0,0,0,0,0,0,0,0,0,0,0,0,0,0,0,0,0,0,
0,0,0,0,0,0,0,0,0,0,0,0,0,0,0,0,0,0,0,0,0,0,0,0,0,0,0,0,0,0,0,0,
0,0,0,0,0,0,0,0,0,0,0,0,0,0,0,0,0,0,0,0,0,0,0,0,0,0,0,0,0,0,0,0,
0,0,0,0,0,0,0,0,0,0,0,0,0,0,0,0,0,0,0,0,0,0,0,0,0,0,0,0,0,0,0,0,
0,0,0,0,0,0,0,0,0,0,0,0,0,0,0,0,0,0,0,0,0,0,0,0,0,0,0,0,0,0,0,0,
0,0,0,0,0,0,0,0,0,0,0,0,0,0,0,0,0,0,0,0,0,0,0,0,0,0,0,0,0,0,0,0,
0,0,0,0,0,0,0,0,0,0,0,0,0,0,0,0,0,0,0,0,0,0,0,0,0,0,0,0,0,0,0,0,
0,0,0,0,0,0,0,0,0,0,0,0,0,0,0,0,0,0,0,0,0,0,0,0,0,0,0,0,0,0,0,0,
0,0,0,0,0,0,0,0,0,0,0,0,0,0,0,0,0,0,0,0,0,0,0,0,0,0,0,0,0,0,0,0,
0,0,0,0,0,0,0,0,0,0,0,0,0,0,0,0,0,0,0,0,0,0,0,0,0,0,0,0,0,0,0,0,
0,0,0,0,0,0,0,0,0,0,0,0,0,0,0,0,0,0,0,0,0,0,0,0,0,0,0,0,0,0,0,0,
0,0,0,0,0,0,0,0,0,0,0,0,0,0,0,0,0,0,0,0,0,0,0,0,0,0,0,0,0,0,0,0,
0,0,0,0,0,0,0,0,0,0,0,0,0,0,0,0,0,0,0,0,0,0,0,0,0,0,0,0,0,0,0,0,
0,0,0,0,0,0,0,0,0,0,0,0,0,0,0,0,0,0,0,0,0,0,0,0,0,0,0,0,0,0,0,0,
0,0,0,0,0,0,0,0,0,0,0,0,0,0,0,0,0,0,0,0,0,0,0,0,0,0,0,0,0,0,0,0,
0,0,0,0,0,0,0,0,0,0,0,0,0,0,0,0,0,0,0,0,0,0,0,0,0,0,0,0,0,0,0,0,
0,0,0,0,0,0,0,0,0,0,0,0,0,0,0,0,0,0,0,0,0,0,0,0,0,0,0,0,0,0,0,0,
0,0,0,0,0,0,0,0,0,0,0,0,0,0,0,0,0,0,0,0,0,0,0,0,0,0,0,0,0,0,0,0,
0,0,0,0,0,0,0,0,0,0,0,0,0,0,0,0,0,0,0,0,0,0,0,0,0,0,0,0,0,0,0,0,
0,0,0,0,0,0,0,0,0,0,0,0,0,0,0,0,0,0,0,0,0,0,0,0,0,0,0,0,0,0,0,0,
0,0,0,0,0,0,0,0,0,0,0,0,0,0,0,0,0,0,0,0,0,0,0,0,0,0,0,0,0,0,0,0,
0,0,0,0,0,0,0,0,0,0,0,0,0,0,0,0,0,0,0,0,0,0,0,0,0,0,0,0,0,0,0,0,
0,0,0,0,0,0,0,0,0,0,0,0,0,0,0,0,0,0,0,0,0,0,0,0,0,0,0,0,0,0,0,0,
0,0,0,0,0,0,0,0,0,0,0,0,0,0,0,0,0,0,0,0,0,0,0,0,0,0,0,0,0,0,0,0,
0,0,0,0,0,0,0,0,0,0,0,0,0,0,0,0,0,0,0,0,0,0,0,0,0,0,0,0,0,0,0,0,
0,0,0,0,0,0,0,0,0,0,0,0,0,0,0,0,0,0,0,0,0,0,0,0,0,0,0,0,0,0,0,0,
0,0,0,0,0,0,0,0,0,0,0,0,0,0,0,0,0,0,0,0,0,0,0,0,0,0,0,0,0,0,0,0,
0,0,0,0,0,0,0,0,0,0,0,0,0,0,0,0,0,0,0,0,0,0,0,0,0,0,0,0,0,0,0,0,
0,0,0,0,0,0,0,0,0,0,0,0,0,0,0,0,0,0,0,0,0,0,0,0,0,0,0,0,0,0,0,0,
0,0,0,0,0,0,0,0,0,0,0,0,0,0,0,0,0,0,0,0,0,0,0,0,0,0,0,0,0,0,0,0,
0,0,0,0,0,0,0,0,0,0,0,0,0,0,0,0,0,0,0,0,0,0,0,0,0,0,0,0,0,0,0,0,
0,0,0,0,0,0,0,0,0,0,0,0,0,0,0,0,0,0,0,0,0,0,0,0,0,0,0,0,0,0,0,0,
0,0,0,0,0,0,0,0,0,0,0,0,0,0,0,0,0,0,0,0,0,0,0,0,0,0,0,0,0,0,0,0,
0,0,0,0,0,0,0,0,0,0,0,0,0,0,0,0,0,0,0,0,0,0,0,0,0,0,0,0,0,0,0,0,
0,0,0,0,0,0,0,0,0,0,0,0,0,0,0,0,0,0,0,0,0,0,0,0,0,0,0,0,0,0,0,0,
0,0,0,0,0,0,0,0,0,0,0,0,0,0,0,0,0,0,0,0,0,0,0,0,0,0,0,0,0,0,0,0,
0,0,0,0,0,0,0,0,0,0,0,0,0,0,0,0,0,0,0,0,0,0,0,0,0,0,0,0,0,0,0,0,
0,0,0,0,0,0,0,0,0,0,0,0,0,0,0,0,0,0,0,0,0,0,0,0,0,0,0,0,0,0,0,0,
0,0,0,0,0,0,0,0,0,0,0,0,0,0,0,0,0,0,0,0,0,0,0,0,0,0,0,0,0,0,0,0,
0,0,0,0,0,0,0,0,0,0,0,0,0,0,0,0,0,0,0,0,0,0,0,0,0,0,0,0,0,0,0,0,
0,0,0,0,0,0,0,0,0,0,0,0,0,0,0,0,0,0,0,0,0,0,0,0,0,0,0,0,0,0,0,0,
0,0,0,0,0,0,0,0,0,0,0,0,0,0,0,0,0,0,0,0,0,0,0,0,0,0,0,0,0,0,0,0,
0,0,0,0,0,0,0,0,0,0,0,0,0,0,0,0,0,0,0,0,0,0,0,0,0,0,0,0,0,0,0,0,
0,0,0,0,0,0,0,0,0,0,0,0,0,0,0,0,0,0,0,0,0,0,0,0,0,0,0,0,0,0,0,0,
0,0,0,0,0,0,0,0,0,0,0,0,0,0,0,0,0,0,0,0,0,0,0,0,0,0,0,0,0,0,0,0,
0,0,0,0,0,0,0,0,0,0,0,0,0,0,0,0,0,0,0,0,0,0,0,0,0,0,0,0,0,0,0,0,
0,0,0,0,0,0,0,0,0,0,0,0,0,0,0,0,0,0,0,0,0,0,0,0,0,0,0,0,0,0,0,0,
0,0,0,0,0,0,0,0,0,0,0,0,0,0,0,0,0,0,0,0,0,0,0,0,0,0,0,0,0,0,0,0,
0,0,0,0,0,0,0,0,0,0,0,0,0,0,0,0,0,0,0,0,0,0,0,0,0,0,0,0,0,0,0,0,
0,0,0,0,0,0,0,0,0,0,0,0,0,0,0,0,0,0,0,0,0,0,0,0,0,0,0,0,0,0,0,0,
0,0,0,0,0,0,0,0,0,0,0,0,0,0,0,0,0,0,0,0,0,0,0,0,0,0,0,0,0,0,0,0,
0,0,0,0,0,0,0,0,0,0,0,0,0,0,0,0,0,0,0,0,0,0,0,0,0,0,0,0,0,0,0,0,
0,0,0,0,0,0,0,0,0,0,0,0,0,0,0,0,0,0,0,0,0,0,0,0,0,0,0,0,0,0,0,0,
0,0,0,0,0,0,0,0,0,0,0,0,0,0,0,0,0,0,0,0,0,0,0,0,0,0,0,0,0,0,0,0,
0,0,0,0,0,0,0,0,0,0,0,0,0,0,0,0,0,0,0,0,0,0,0,0,0,0,0,0,0,0,0,0,
0,0,0,0,0,0,0,0,0,0,0,0,0,0,0,0,0,0,0,0,0,0,0,0,0,0,0,0,0,0,0,0,
0,0,0,0,0,0,0,0,0,0,0,0,0,0,0,0,0,0,0,0,0,0,0,0,0,0,0,0,0,0,0,0,
0,0,0,0,0,0,0,0,0,0,0,0,0,0,0,0,0,0,0,0,0,0,0,0,0,0,0,0,0,0,0,0,
0,0,0,0,0,0,0,0,0,0,0,0,0,0,0,0,0,0,0,0,0,0,0,0,0,0,0,0,0,0,0,0,
0,0,0,0,0,0,0,0,0,0,0,0,0,0,0,0,0,0,0,0,0,0,0,0,0,0,0,0,0,0,0,0,
0,0,0,0,0,0,0,0,0,0,0,0,0,0,0,0,0,0,0,0,0,0,0,0,0,0,0,0,0,0,0,0,
0,0,0,0,0,0,0,0,0,0,0,0,0,0,0,0,0,0,0,0,0,0,0,0,0,0,0,0,0,0,0,0</data>
		</layer>
		<layer id="functional">
			<data>0,0,0,0,0,0,0,0,0,0,0,0,0,0,0,0,0,0,0,0,0,0,0,0,0,0,0,0,0,0,0,0,
0,0,0,0,0,0,0,0,0,0,0,0,0,0,0,0,0,0,0,0,0,0,0,0,0,0,0,0,0,0,0,0,
0,0,0,0,0,0,0,0,0,0,0,0,0,0,0,0,0,0,0,0,0,0,0,0,0,0,0,0,0,0,0,0,
0,0,0,0,0,0,0,0,0,0,0,0,0,0,0,0,0,0,0,0,0,0,0,0,0,0,0,0,0,0,0,0,
0,0,0,0,0,0,0,0,0,0,0,0,0,0,0,0,0,0,0,0,0,0,0,0,0,0,0,0,0,0,0,0,
0,0,0,0,0,0,0,0,0,0,0,0,0,0,0,0,0,0,0,0,0,0,0,0,0,0,0,0,0,0,0,0,
0,0,0,0,0,0,0,0,0,0,0,0,0,0,0,0,0,0,0,0,0,0,0,0,0,0,0,0,0,0,0,0,
0,0,0,0,0,0,0,0,0,0,0,0,0,0,0,0,0,0,0,0,0,0,0,0,0,0,0,0,0,0,0,0,
0,0,0,0,0,0,0,0,0,0,0,0,0,0,0,0,0,0,0,0,0,0,0,0,0,0,0,0,0,0,0,0,
0,0,0,0,0,0,0,0,0,0,0,0,0,0,0,0,0,0,0,0,0,0,0,0,0,0,0,0,0,0,0,0,
0,0,0,0,0,0,0,0,0,0,0,0,0,0,0,0,0,0,0,0,0,0,0,0,0,0,0,0,0,0,0,0,
0,0,0,0,0,0,0,0,0,0,0,0,0,0,0,0,0,0,0,0,0,0,0,0,0,0,0,0,0,0,0,0,
0,0,0,0,0,0,0,0,0,0,0,0,0,0,0,0,0,0,0,0,0,0,0,0,0,0,0,0,0,0,0,0,
0,0,0,0,0,0,0,0,0,0,0,0,0,0,0,0,0,0,0,0,0,0,0,0,0,0,0,0,0,0,0,0,
0,0,0,0,0,0,0,0,0,0,0,0,0,0,0,0,0,0,0,0,0,0,0,0,0,0,0,0,0,0,0,0,
0,0,0,0,0,0,0,0,0,0,0,0,0,0,0,0,0,0,0,0,0,0,0,0,0,0,0,0,0,0,0,0,
0,0,0,0,0,0,0,0,0,0,0,0,0,0,0,0,0,0,0,0,0,0,0,0,0,0,0,0,0,0,0,0,
0,0,0,0,0,0,0,0,0,0,0,0,0,0,0,0,0,0,0,0,0,0,0,0,0,0,0,0,0,0,0,0,
0,0,0,0,0,0,0,0,0,0,0,0,0,0,0,0,0,0,0,0,0,0,0,0,0,0,0,0,0,0,0,0,
0,0,0,0,0,0,0,0,0,0,0,0,0,0,0,0,0,0,0,0,0,0,0,0,0,0,0,0,0,0,0,0,
0,0,0,0,0,0,0,0,0,0,0,0,0,0,0,0,0,0,0,0,0,0,0,0,0,0,0,0,0,0,0,0,
0,0,0,0,0,0,0,0,0,0,0,0,0,0,0,0,0,0,0,0,0,0,0,0,0,0,0,0,0,0,0,0,
0,0,0,0,0,0,0,0,0,0,0,0,0,0,0,0,0,0,0,0,0,0,0,0,0,0,0,0,0,0,0,0,
0,0,0,0,0,0,0,0,0,0,0,0,0,0,0,0,0,0,0,0,0,0,0,0,0,0,0,0,0,0,0,0,
0,0,0,0,0,0,0,0,0,0,0,0,0,0,0,0,0,0,0,0,0,0,0,0,0,0,0,0,0,0,0,0,
0,0,0,0,0,0,0,0,0,0,0,0,0,0,0,0,0,0,0,0,0,0,0,0,0,0,0,0,0,0,0,0,
0,0,0,0,0,0,0,0,0,0,0,0,0,0,0,0,0,0,0,0,0,0,0,0,0,0,0,0,0,0,0,0,
0,0,0,0,0,0,0,0,0,0,0,0,0,0,0,0,0,0,0,0,0,0,0,0,0,0,0,0,0,0,0,0,
0,0,0,0,0,0,0,0,0,0,0,0,0,0,0,0,0,0,0,0,0,0,0,0,0,0,0,0,0,0,0,0,
0,0,0,0,0,0,0,0,0,0,0,0,0,0,0,0,0,0,0,0,0,0,0,0,0,0,0,0,0,0,0,0,
0,0,0,0,0,0,0,0,0,0,0,0,0,0,0,0,0,0,0,0,0,0,0,0,0,0,0,0,0,0,0,0,
0,0,0,0,0,0,0,0,0,0,0,0,0,0,0,0,0,0,0,0,0,0,0,0,0,0,0,0,0,0,0,0,
0,0,0,0,0,0,0,0,0,0,0,0,0,0,0,0,0,0,0,0,0,0,0,0,0,0,0,0,0,0,0,0,
0,0,0,0,0,0,0,0,0,0,0,0,0,0,0,0,0,0,0,0,0,0,0,0,0,0,0,0,0,0,0,0,
0,0,0,0,0,0,0,0,0,0,0,0,0,0,0,0,0,0,0,0,0,0,0,0,0,0,0,0,0,0,0,0,
0,0,0,0,0,0,0,0,0,0,0,0,0,0,0,0,0,0,0,0,0,0,0,0,0,0,0,0,0,0,0,0,
0,0,0,0,0,0,0,0,0,0,0,0,0,0,0,0,0,0,0,0,0,0,0,0,0,0,0,0,0,0,0,0,
0,0,0,0,0,0,0,0,0,0,0,0,0,0,0,0,0,0,0,0,0,0,0,0,0,0,0,0,0,0,0,0,
0,0,0,0,0,0,0,0,0,0,0,0,0,0,0,0,0,0,0,0,0,0,0,0,0,0,0,0,0,0,0,0,
0,0,0,0,0,0,0,0,0,0,0,0,0,0,0,0,0,0,0,0,0,0,0,0,0,0,0,0,0,0,0,0,
0,0,0,0,0,0,0,0,0,0,0,0,0,0,0,0,0,0,0,0,0,0,0,0,0,0,0,0,0,0,0,0,
0,0,0,0,0,0,0,0,0,0,0,0,0,0,0,0,0,0,0,0,0,0,0,0,0,0,0,0,0,0,0,0,
0,0,0,0,0,0,0,0,0,0,0,0,0,0,0,0,0,0,0,0,0,0,0,0,0,0,0,0,0,0,0,0,
0,0,0,0,0,0,0,0,0,0,0,0,0,0,0,0,0,0,0,0,0,0,0,0,0,0,0,0,0,0,0,0,
0,0,0,0,0,0,0,0,0,0,0,0,0,0,0,0,0,0,0,0,0,0,0,0,0,0,0,0,0,0,0,0,
0,0,0,0,0,0,0,0,0,0,0,0,0,0,0,0,0,0,0,0,0,0,0,0,0,0,0,0,0,0,0,0,
0,0,0,0,0,0,0,0,0,0,0,0,0,0,0,0,0,0,0,0,0,0,0,0,0,0,0,0,0,0,0,0,
0,0,0,0,0,0,0,0,0,0,0,0,0,0,0,0,0,0,0,0,0,0,0,0,0,0,0,0,0,0,0,0,
0,0,0,0,0,0,0,0,0,0,0,0,0,0,0,0,0,0,0,0,0,0,0,0,0,0,0,0,0,0,0,0,
0,0,0,0,0,0,0,0,0,0,0,0,0,0,0,0,0,0,0,0,0,0,0,0,0,0,0,0,0,0,0,0,
0,0,0,0,0,0,0,0,0,0,0,0,0,0,0,0,0,0,0,0,0,0,0,0,0,0,0,0,0,0,0,0,
0,0,0,0,0,0,0,0,0,0,0,0,0,0,0,0,0,0,0,0,0,0,0,0,0,0,0,0,0,0,0,0,
0,0,0,0,0,0,0,0,0,0,0,0,0,0,0,0,0,0,0,0,0,0,0,0,0,0,0,0,0,0,0,0,
0,0,0,0,0,0,0,0,0,0,0,0,0,0,0,0,0,0,0,0,0,0,0,0,0,0,0,0,0,0,0,0,
0,0,0,0,0,0,0,0,0,0,0,0,0,0,0,0,0,0,0,0,0,0,0,0,0,0,0,0,0,0,0,0,
0,0,0,0,0,0,0,0,0,0,0,0,0,0,0,0,0,0,0,0,0,0,0,0,0,0,0,0,0,0,0,0,
0,0,0,0,0,0,0,0,0,0,0,0,0,0,0,0,0,0,0,0,0,0,0,0,0,0,0,0,0,0,0,0,
0,0,0,0,0,0,0,0,0,0,0,0,0,0,0,0,0,0,0,0,0,0,0,0,0,0,0,0,0,0,0,0,
0,0,0,0,0,0,0,0,0,0,0,0,0,0,0,0,0,0,0,0,0,0,0,0,0,0,0,0,0,0,0,0,
0,0,0,0,0,0,0,0,0,0,0,0,0,0,0,0,0,0,0,0,0,0,0,0,0,0,0,0,0,0,0,0,
0,0,0,0,0,0,0,0,0,0,0,0,0,0,0,0,0,0,0,0,0,0,0,0,0,0,0,0,0,0,0,0,
0,0,0,0,0,0,0,0,0,0,0,0,0,0,0,0,0,0,0,0,0,0,0,0,0,0,0,0,0,0,0,0,
0,0,0,0,0,0,0,0,0,0,0,0,0,0,0,0,0,0,0,0,0,0,0,0,0,0,0,0,0,0,0,0,
0,0,0,0,0,0,0,0,0,0,0,0,0,0,0,0,0,0,0,0,0,0,0,0,0,0,0,0,0,0,0,0,
0,0,0,0,0,0,0,0,0,0,0,0,0,0,0,0,0,0,0,0,0,0,0,0,0,0,0,0,0,0,0,0,
0,0,0,0,0,0,0,0,0,0,0,0,0,0,0,0,0,0,0,0,0,0,0,0,0,0,0,0,0,0,0,0,
0,0,0,0,0,0,0,0,0,0,0,0,0,0,0,0,0,0,0,0,0,0,0,0,0,0,0,0,0,0,0,0,
0,0,0,0,0,0,0,0,0,0,0,0,0,0,0,0,0,0,0,0,0,0,0,0,0,0,0,0,0,0,0,0,
0,0,0,0,0,0,0,0,0,0,0,0,0,0,0,0,0,0,0,0,0,0,0,0,0,0,0,0,0,0,0,0,
0,0,0,0,0,0,0,0,0,0,0,0,0,0,0,0,0,0,0,0,0,0,0,0,0,0,0,0,0,0,0,0,
0,0,0,0,0,0,0,0,0,0,0,0,0,0,0,0,0,0,0,0,0,0,0,0,0,0,0,0,0,0,0,0,
0,0,0,0,0,0,0,0,0,0,0,0,0,0,0,0,0,0,0,0,0,0,0,0,0,0,0,0,0,0,0,0,
0,0,0,0,0,0,0,0,0,0,0,0,0,0,0,0,0,0,0,0,0,0,0,0,0,0,0,0,0,0,0,0,
0,0,0,0,0,0,0,0,0,0,0,0,0,0,0,0,0,0,0,0,0,0,0,0,0,0,0,0,0,0,0,0,
0,0,0,0,0,0,0,0,0,0,0,0,0,0,0,0,0,0,0,0,0,0,0,0,0,0,0,0,0,0,0,0,
0,0,0,0,0,0,0,0,0,0,0,0,0,0,0,0,0,0,0,0,0,0,0,0,0,0,0,0,0,0,0,0,
0,0,0,0,0,0,0,0,0,0,0,0,0,0,0,0,0,0,0,0,0,0,0,0,0,0,0,0,0,0,0,0,
0,0,0,0,0,0,0,0,0,0,0,0,0,0,0,0,0,0,0,0,0,0,0,0,0,0,0,0,0,0,0,0,
0,0,0,0,0,0,0,0,0,0,0,0,0,0,0,0,0,0,0,0,0,0,0,0,0,0,0,0,0,0,0,0,
0,0,0,0,0,0,0,0,0,0,0,0,0,0,0,0,0,0,0,0,0,0,0,0,0,0,0,0,0,0,0,0,
0,0,0,0,0,0,0,0,0,0,0,0,0,0,0,0,0,0,0,0,0,0,0,0,0,0,0,0,0,0,0,0,
0,0,0,0,0,0,0,0,0,0,0,0,0,0,0,0,0,0,0,0,0,0,0,0,0,0,0,0,0,0,0,0,
0,0,0,0,0,0,0,0,0,0,0,0,0,0,0,0,0,0,0,0,0,0,0,0,0,0,0,0,0,0,0,0,
0,0,0,0,0,0,0,0,0,0,0,0,0,0,0,0,0,0,0,0,0,0,0,0,0,0,0,0,0,0,0,0,
0,0,0,0,0,0,0,0,0,0,0,0,0,0,0,0,0,0,0,0,0,0,0,0,0,0,0,0,0,0,0,0,
0,0,0,0,0,0,0,0,0,0,0,0,0,0,0,0,0,0,0,0,0,0,0,0,0,0,0,0,0,0,0,0,
0,0,0,0,0,0,0,0,0,0,0,0,0,0,0,0,0,0,0,0,0,0,0,0,0,0,0,0,0,0,0,0,
0,0,0,0,0,0,0,0,0,0,0,0,0,0,0,0,0,0,0,0,0,0,0,0,0,0,0,0,0,0,0,0,
0,0,0,0,0,0,0,0,0,0,0,0,0,0,0,0,0,0,0,0,0,0,0,0,0,0,0,0,0,0,0,0,
0,0,0,0,0,0,0,0,0,0,0,0,0,0,0,0,0,0,0,0,0,0,0,0,0,0,0,0,0,0,0,238,
0,0,0,0,0,0,0,0,0,0,0,0,0,0,0,0,0,0,0,0,0,0,0,0,0,0,0,0,0,0,0,238,
0,0,0,0,0,0,0,0,0,0,0,0,0,0,0,0,0,0,0,0,0,0,0,0,0,0,0,0,0,0,0,238,
0,0,0,0,0,0,0,0,0,0,0,0,0,0,0,0,0,0,0,0,0,0,0,0,0,0,0,0,0,0,0,238,
0,0,0,0,0,0,0,0,0,0,0,0,0,0,0,0,0,0,0,0,0,0,0,0,0,0,0,0,0,0,0,0,
0,0,0,0,0,0,0,0,0,0,0,0,0,0,0,0,0,0,0,0,0,0,0,0,0,0,0,0,0,0,0,0,
0,0,0,0,0,0,0,0,0,0,0,0,0,0,0,0,0,0,0,0,0,0,0,0,0,0,0,0,0,0,0,0</data>
		</layer>
	</room>
	<exits>
		<exit levelId="2" roomId="3" x="31" y="89"></exit>
		<exit levelId="2" roomId="3" x="31" y="90"></exit>
		<exit levelId="2" roomId="3" x="31" y="91"></exit>
		<exit levelId="2" roomId="3" x="31" y="92"></exit>
	</exits>
</level>
